custid,gender,총구매액,구매건수,평균구매가격,평균할부개월수,구매브랜드종류,내점일수,수입상품_구매비율,주말방문비율,가을_구매건수,겨울_구매건수,봄_구매건수,여름_구매건수,아침_구매건수,저녁_구매건수,점심_구매건수,주구매코너
49993,1,2554723,32,79835,1.7,9,26,21.9,34.6,6.0,5.0,10.0,11.0,8.0,5.0,19.0,14
17268,1,499200,6,83200,1.7,6,4,33.3,25.0,1.0,1.0,1.0,4.0,1.0,1.0,4.0,13
17567,1,690000,16,43125,1.9,11,12,12.5,41.7,3.0,8.0,2.0,3.0,1.0,5.0,10.0,11
35627,1,10323601,213,48468,1.7,69,87,0.0,23.0,43.0,46.0,53.0,71.0,1.0,121.0,92.0,14
35687,1,5865747,76,77181,1.6,28,55,7.9,38.2,13.0,32.0,27.0,4.0,2.0,17.0,57.0,14
35711,1,439700,8,54962,1.0,5,8,62.5,0.0,1.0,3.0,3.0,2.0,6.0,1.0,2.0,24
35729,1,893590,14,63828,1.3,7,11,14.3,54.5,4.0,7.0,3.0,1.0,3.0,3.0,8.0,14
35748,1,2943700,40,73592,1.8,26,16,22.5,50.0,2.0,14.0,5.0,19.0,3.0,3.0,34.0,14
35760,1,2687014,35,76772,1.5,21,20,2.9,35.0,9.0,2.0,17.0,7.0,19.0,4.0,12.0,14
35780,1,3417859,23,148603,3.1,20,9,26.1,44.4,6.0,1.0,11.0,6.0,6.0,1.0,17.0,16
35817,1,3869308,65,59528,1.0,38,30,15.4,13.3,16.0,20.0,20.0,9.0,25.0,1.0,39.0,14
35821,1,2114371,18,117465,2.0,12,10,22.2,20.0,1.0,4.0,3.0,11.0,1.0,6.0,11.0,24
35828,1,7468836,87,85849,1.3,30,55,2.3,16.4,15.0,18.0,27.0,27.0,63.0,1.0,24.0,14
17277,1,1210600,11,110055,2.6,8,7,54.5,28.6,1.0,2.0,2.0,7.0,1.0,1.0,10.0,8
35837,1,1529279,30,50976,1.8,23,18,6.7,55.6,6.0,7.0,7.0,10.0,4.0,4.0,22.0,3
17241,1,14366500,82,175201,1.6,49,28,13.4,28.6,38.0,2.0,31.0,11.0,6.0,31.0,45.0,19
16942,1,3775002,31,121774,2.1,21,24,29.0,33.3,8.0,1.0,6.0,17.0,5.0,17.0,9.0,24
35873,1,2269296,19,119437,1.7,9,9,26.3,22.2,1.0,7.0,3.0,9.0,1.0,6.0,13.0,14
35914,1,2814400,24,117267,2.2,18,8,37.5,25.0,6.0,1.0,7.0,11.0,4.0,6.0,14.0,22
35926,1,628200,9,69800,1.2,8,8,44.4,87.5,3.0,2.0,2.0,2.0,1.0,3.0,5.0,24
35937,1,15301128,108,141677,2.8,32,29,28.7,51.7,38.0,13.0,38.0,19.0,16.0,23.0,69.0,13
17118,1,545000,2,272500,2.0,2,1,0.0,100.0,2.0,1.0,1.0,1.0,1.0,1.0,2.0,11
17088,1,3229055,34,94972,1.2,22,23,5.9,56.5,4.0,9.0,8.0,13.0,14.0,5.0,15.0,16
17075,1,531770,17,31281,1.6,11,11,11.8,27.3,1.0,4.0,9.0,4.0,1.0,1.0,17.0,14
17069,1,540000,3,180000,3.0,1,3,0.0,33.3,1.0,1.0,2.0,1.0,1.0,1.0,2.0,24
17054,1,418600,7,59800,1.3,7,4,14.3,50.0,2.0,1.0,5.0,1.0,1.0,1.0,7.0,16
17025,1,1092000,18,60667,1.1,15,11,5.6,36.4,6.0,3.0,9.0,1.0,1.0,1.0,16.0,7
35958,1,8255086,118,69958,4.2,31,72,3.4,20.8,26.0,25.0,35.0,32.0,54.0,1.0,64.0,14
35975,1,5446820,64,85107,1.8,29,30,12.5,13.3,12.0,20.0,18.0,14.0,4.0,18.0,42.0,14
36019,1,6419350,11,583577,2.8,10,8,54.5,12.5,1.0,6.0,2.0,2.0,3.0,1.0,8.0,8
17615,1,388000,6,64667,1.7,6,6,16.7,83.3,1.0,1.0,3.0,2.0,1.0,1.0,5.0,23
35496,1,1419379,13,109183,2.4,7,10,0.0,30.0,4.0,3.0,6.0,1.0,3.0,1.0,10.0,14
35474,1,1519127,14,108509,1.6,10,5,14.3,60.0,1.0,3.0,5.0,6.0,1.0,7.0,7.0,12
35468,1,4561600,41,111259,2.2,16,26,9.8,46.2,14.0,10.0,6.0,11.0,11.0,11.0,19.0,9
35215,1,3412434,59,57838,2.3,28,24,1.7,20.8,29.0,19.0,5.0,6.0,3.0,12.0,44.0,12
35234,1,439200,17,25835,1.4,15,10,5.9,60.0,2.0,1.0,3.0,12.0,1.0,11.0,6.0,12
18102,1,4886687,73,66941,2.4,45,36,6.8,47.2,26.0,8.0,4.0,35.0,7.0,12.0,54.0,9
35238,1,5112132,49,104329,2.7,20,28,10.2,21.4,7.0,15.0,19.0,8.0,14.0,1.0,34.0,14
18066,1,12293086,51,241041,1.5,31,19,21.6,57.9,25.0,9.0,9.0,8.0,1.0,28.0,23.0,10
18051,1,2400720,25,96029,2.4,18,20,16.0,35.0,4.0,9.0,6.0,6.0,2.0,8.0,15.0,24
35252,1,52000,1,52000,1.0,1,1,100.0,100.0,1.0,1.0,1.0,1.0,1.0,1.0,1.0,24
18019,1,849000,6,141500,1.7,6,4,16.7,0.0,2.0,1.0,1.0,3.0,1.0,4.0,2.0,24
35271,1,5064946,36,140693,1.9,27,16,27.8,25.0,6.0,14.0,6.0,10.0,8.0,5.0,23.0,24
17960,1,5098515,54,94417,1.4,33,29,5.6,17.2,27.0,7.0,12.0,8.0,12.0,2.0,40.0,9
35299,1,6914637,74,93441,2.0,33,34,6.8,52.9,16.0,25.0,27.0,6.0,56.0,5.0,13.0,11
17948,1,3204620,24,133526,2.4,18,14,20.8,50.0,5.0,14.0,5.0,1.0,2.0,1.0,21.0,21
17926,1,2329187,21,110914,2.0,13,7,4.8,57.1,1.0,1.0,1.0,21.0,1.0,12.0,9.0,14
17908,1,1418100,16,88631,2.0,15,9,12.5,55.6,1.0,10.0,6.0,1.0,1.0,13.0,3.0,16
35366,1,14732113,237,62161,1.9,86,90,5.5,30.0,16.0,33.0,67.0,121.0,20.0,45.0,172.0,14
35367,1,417232,9,46359,1.0,3,6,11.1,33.3,5.0,1.0,1.0,3.0,5.0,1.0,4.0,14
17870,1,2819080,34,82914,2.2,16,16,20.6,75.0,9.0,6.0,8.0,11.0,4.0,15.0,15.0,24
35393,1,7650050,58,131897,2.1,31,24,13.8,37.5,15.0,8.0,12.0,23.0,7.0,15.0,36.0,19
35406,1,7605051,63,120715,2.0,36,41,20.6,39.0,20.0,9.0,12.0,22.0,8.0,25.0,30.0,12
17828,1,979000,7,139857,1.9,7,6,14.3,33.3,3.0,2.0,2.0,1.0,2.0,3.0,2.0,19
35419,1,162500,2,81250,3.0,2,1,0.0,100.0,1.0,1.0,1.0,2.0,1.0,2.0,2.0,3
17767,1,4040400,15,269360,2.2,5,7,0.0,85.7,7.0,3.0,2.0,3.0,1.0,2.0,13.0,19
17744,1,2825500,25,113020,2.3,18,12,36.0,66.7,3.0,15.0,7.0,1.0,7.0,3.0,15.0,24
17720,1,357612,4,89403,2.0,3,4,0.0,75.0,1.0,4.0,1.0,1.0,1.0,1.0,2.0,14
35461,1,655880,16,40992,1.6,12,6,6.2,50.0,3.0,6.0,2.0,5.0,9.0,4.0,3.0,14
17680,1,2452300,12,204358,2.2,10,6,16.7,66.7,10.0,1.0,1.0,1.0,1.0,4.0,8.0,24
17666,1,505420,10,50542,1.2,7,5,40.0,100.0,3.0,3.0,2.0,2.0,1.0,1.0,10.0,24
16945,1,2511100,19,132163,1.8,15,8,10.5,62.5,4.0,5.0,7.0,3.0,1.0,11.0,8.0,22
16886,1,598900,9,66544,1.7,8,8,0.0,50.0,2.0,3.0,1.0,3.0,1.0,1.0,8.0,24
35187,1,1159274,35,33122,2.7,15,17,20.0,29.4,3.0,9.0,6.0,17.0,6.0,7.0,22.0,24
15931,1,902700,25,36108,2.0,16,19,8.0,42.1,9.0,4.0,9.0,3.0,3.0,1.0,21.0,12
36541,1,2759080,11,250825,1.7,8,7,36.4,42.9,1.0,1.0,1.0,9.0,3.0,1.0,7.0,24
16235,1,3586960,23,155955,2.2,21,15,13.0,13.3,7.0,7.0,3.0,6.0,1.0,9.0,14.0,12
36585,1,416000,4,104000,1.0,4,4,50.0,100.0,1.0,1.0,1.0,3.0,1.0,1.0,2.0,24
16144,1,1157850,8,144731,1.8,7,7,12.5,42.9,5.0,1.0,1.0,2.0,4.0,1.0,3.0,6
36601,1,6215333,42,147984,2.0,27,16,14.3,25.0,25.0,4.0,13.0,1.0,2.0,10.0,30.0,14
16123,1,564000,1,564000,3.0,1,1,0.0,100.0,1.0,1.0,1.0,1.0,1.0,1.0,2.0,24
16120,1,609000,2,304500,2.0,1,1,100.0,0.0,1.0,1.0,2.0,1.0,1.0,1.0,2.0,24
36683,1,3979343,35,113696,2.4,15,18,28.6,22.2,2.0,10.0,15.0,8.0,9.0,1.0,26.0,24
16033,1,90000,1,90000,3.0,1,1,100.0,0.0,1.0,1.0,1.0,1.0,1.0,1.0,2.0,24
16029,1,1217133,10,121713,1.0,8,7,30.0,28.6,2.0,1.0,3.0,4.0,3.0,1.0,7.0,24
16015,1,2630700,39,67454,1.5,23,15,2.6,33.3,1.0,1.0,9.0,30.0,5.0,7.0,27.0,13
15999,1,2562170,34,75358,1.4,22,17,11.8,47.1,8.0,9.0,5.0,12.0,1.0,14.0,20.0,13
36745,1,16587941,81,204789,2.0,45,42,28.4,50.0,18.0,19.0,34.0,10.0,18.0,5.0,58.0,8
15925,1,827400,15,55160,1.7,12,9,0.0,77.8,2.0,6.0,7.0,1.0,1.0,6.0,9.0,15
36065,1,5651550,52,108684,2.3,33,20,13.5,30.0,12.0,2.0,29.0,9.0,18.0,6.0,28.0,9
15924,1,144000,1,144000,3.0,1,1,0.0,0.0,1.0,1.0,1.0,1.0,1.0,1.0,2.0,24
15922,1,119000,1,119000,1.0,1,1,100.0,100.0,1.0,1.0,1.0,1.0,1.0,1.0,1.0,24
15898,1,2268960,23,98650,2.0,19,11,4.3,63.6,13.0,4.0,5.0,1.0,4.0,6.0,13.0,17
15886,1,787500,10,78750,3.2,9,5,10.0,20.0,8.0,1.0,1.0,1.0,2.0,4.0,4.0,21
36776,1,3225600,13,248123,7.5,5,2,76.9,100.0,1.0,13.0,1.0,1.0,1.0,2.0,11.0,24
36802,1,406050,6,67675,2.0,6,2,16.7,50.0,2.0,4.0,1.0,1.0,1.0,1.0,5.0,24
36826,1,247000,4,61750,1.5,2,2,0.0,0.0,1.0,1.0,1.0,4.0,1.0,3.0,1.0,16
36832,1,4274017,45,94978,1.8,30,25,8.9,24.0,7.0,12.0,7.0,19.0,2.0,7.0,36.0,9
15763,1,1364000,6,227333,2.7,6,4,33.3,50.0,5.0,1.0,1.0,1.0,1.0,1.0,5.0,8
15762,1,10342200,106,97568,1.8,59,57,17.9,43.9,30.0,28.0,28.0,20.0,5.0,49.0,52.0,24
36873,1,464800,9,51644,1.0,8,6,44.4,33.3,1.0,2.0,1.0,7.0,3.0,1.0,5.0,24
15677,1,4540100,53,85662,1.2,22,36,7.5,30.6,15.0,33.0,2.0,3.0,4.0,24.0,25.0,7
15668,1,339459,17,19968,1.1,10,11,0.0,90.9,10.0,2.0,1.0,4.0,1.0,2.0,15.0,14
16248,1,397300,7,56757,1.6,4,4,42.9,0.0,1.0,1.0,4.0,2.0,1.0,1.0,7.0,24
16250,1,1775056,15,118337,1.3,9,10,6.7,90.0,9.0,4.0,1.0,2.0,1.0,7.0,8.0,14
16289,1,1924500,17,113206,1.9,12,11,47.1,63.6,3.0,7.0,7.0,1.0,6.0,6.0,5.0,9
36466,1,2169812,62,34997,1.3,16,48,4.8,58.3,18.0,14.0,10.0,20.0,2.0,33.0,27.0,14
36094,1,1923200,20,96160,2.4,8,11,0.0,27.3,2.0,9.0,1.0,8.0,1.0,6.0,13.0,24
16819,1,6749000,37,182405,2.7,28,15,16.2,60.0,12.0,2.0,5.0,18.0,10.0,11.0,16.0,12
16787,1,2782859,36,77302,3.4,11,24,8.3,25.0,11.0,9.0,8.0,8.0,11.0,1.0,24.0,14
36154,1,3474482,57,60956,1.5,22,23,1.8,69.6,4.0,26.0,9.0,18.0,1.0,32.0,25.0,14
36165,1,3578188,74,48354,1.4,22,42,13.5,16.7,27.0,16.0,10.0,21.0,26.0,4.0,44.0,14
16763,1,262900,3,87633,1.7,3,2,33.3,50.0,2.0,1.0,1.0,1.0,1.0,3.0,2.0,21
36193,1,9192288,48,191506,2.6,21,26,6.2,19.2,7.0,3.0,28.0,10.0,9.0,6.0,33.0,19
36198,1,517031,13,39772,1.6,5,8,0.0,100.0,6.0,4.0,1.0,3.0,13.0,1.0,2.0,14
16686,1,1588950,21,75664,1.3,16,13,19.0,61.5,4.0,10.0,6.0,1.0,3.0,7.0,11.0,13
16681,1,1613100,11,146645,2.7,9,5,18.2,20.0,1.0,11.0,1.0,1.0,4.0,1.0,6.0,12
36215,1,457520,11,41593,1.5,6,7,9.1,57.1,1.0,5.0,2.0,3.0,1.0,2.0,9.0,12
16662,1,9619897,60,160332,2.0,36,26,8.3,26.9,16.0,7.0,17.0,20.0,14.0,2.0,44.0,13
36218,1,536600,4,134150,2.0,4,3,25.0,66.7,3.0,1.0,1.0,1.0,1.0,2.0,2.0,22
36227,1,5261123,46,114372,2.2,32,32,10.9,21.9,16.0,10.0,13.0,7.0,12.0,7.0,27.0,12
36246,1,2149222,61,35233,1.0,12,40,4.9,32.5,21.0,11.0,9.0,20.0,25.0,6.0,30.0,14
16632,1,2604470,17,153204,2.3,14,5,0.0,100.0,15.0,1.0,2.0,1.0,3.0,4.0,10.0,19
16610,1,702079,12,58507,1.8,5,9,16.7,33.3,5.0,2.0,2.0,3.0,1.0,6.0,5.0,14
36290,1,646129,7,92304,1.6,3,5,42.9,20.0,2.0,3.0,1.0,1.0,3.0,1.0,4.0,14
36309,1,612090,12,51008,2.5,10,6,0.0,0.0,6.0,3.0,3.0,1.0,4.0,1.0,8.0,9
16593,1,568100,6,94683,1.0,6,4,33.3,100.0,3.0,1.0,3.0,1.0,2.0,1.0,3.0,16
36320,1,10473522,74,141534,2.5,45,23,9.5,52.2,26.0,20.0,11.0,17.0,16.0,1.0,57.0,9
36388,1,6213379,97,64055,1.5,35,44,28.9,34.1,30.0,18.0,15.0,34.0,2.0,20.0,75.0,14
16465,1,400000,1,400000,1.0,1,1,0.0,100.0,1.0,1.0,1.0,1.0,1.0,1.0,1.0,24
36407,1,721800,17,42459,1.1,11,9,23.5,66.7,3.0,2.0,7.0,5.0,2.0,4.0,11.0,9
16428,1,1288100,9,143122,1.9,8,7,11.1,28.6,6.0,1.0,1.0,2.0,2.0,1.0,6.0,12
36413,1,968500,8,121062,2.0,8,5,12.5,80.0,1.0,4.0,3.0,1.0,6.0,1.0,2.0,24
36463,1,6449898,51,126469,2.1,30,20,37.3,35.0,15.0,3.0,17.0,16.0,2.0,6.0,43.0,4
35190,1,1530121,23,66527,2.0,10,13,13.0,15.4,8.0,4.0,6.0,5.0,3.0,4.0,16.0,14
18145,1,2234600,23,97157,2.1,16,12,34.8,50.0,4.0,2.0,1.0,16.0,4.0,2.0,17.0,24
36884,1,668835,9,74315,1.9,9,7,22.2,42.9,1.0,1.0,4.0,4.0,5.0,1.0,3.0,12
34317,1,5524557,211,26183,2.2,89,71,8.5,28.2,50.0,37.0,56.0,68.0,77.0,25.0,109.0,14
34210,1,4325724,65,66550,1.4,32,24,1.5,12.5,21.0,20.0,17.0,7.0,4.0,7.0,54.0,14
19488,1,7080147,87,81381,2.9,40,40,24.1,30.0,26.0,11.0,30.0,20.0,11.0,21.0,55.0,24
19483,1,562900,15,37527,1.3,12,4,20.0,25.0,1.0,1.0,2.0,13.0,2.0,2.0,11.0,13
19476,1,3577363,77,46459,1.5,25,31,7.8,45.2,13.0,16.0,37.0,11.0,13.0,5.0,59.0,14
19461,1,1236800,8,154600,2.2,6,4,12.5,100.0,1.0,5.0,3.0,1.0,1.0,1.0,7.0,15
34229,1,142000,4,35500,1.0,3,2,0.0,0.0,1.0,1.0,1.0,3.0,1.0,1.0,3.0,9
19402,1,424000,4,106000,2.0,4,4,25.0,0.0,1.0,1.0,1.0,2.0,2.0,1.0,1.0,24
34236,1,2720631,20,136032,1.7,14,12,0.0,16.7,3.0,2.0,3.0,12.0,2.0,5.0,13.0,1
19368,1,2712350,29,93529,2.0,24,14,27.6,14.3,5.0,8.0,16.0,1.0,2.0,2.0,25.0,13
19343,1,6634395,50,132688,1.1,23,30,8.0,40.0,1.0,6.0,16.0,28.0,8.0,5.0,37.0,14
19342,1,1986092,31,64067,1.6,18,19,9.7,21.1,2.0,16.0,8.0,5.0,6.0,8.0,17.0,14
19330,1,4562007,46,99174,2.1,22,23,15.2,30.4,7.0,11.0,19.0,9.0,17.0,1.0,28.0,14
19316,1,2959700,15,197313,2.3,14,9,26.7,55.6,8.0,5.0,2.0,1.0,7.0,1.0,7.0,11
19299,1,166000,3,55333,2.3,3,2,33.3,50.0,1.0,1.0,1.0,3.0,2.0,1.0,1.0,24
34401,1,400220,9,44469,1.4,5,7,11.1,42.9,1.0,1.0,2.0,6.0,1.0,3.0,6.0,14
19293,1,737000,8,92125,1.8,4,4,25.0,0.0,1.0,1.0,1.0,6.0,1.0,7.0,1.0,24
19288,1,13720171,124,110647,2.9,26,79,9.7,39.2,22.0,32.0,38.0,32.0,48.0,10.0,66.0,14
34336,1,20312797,126,161213,2.1,66,63,15.1,20.6,35.0,31.0,29.0,31.0,16.0,18.0,92.0,14
19259,1,3348400,35,95669,2.0,24,22,34.3,45.5,10.0,10.0,5.0,10.0,7.0,5.0,23.0,3
34353,1,1070651,28,38238,3.0,17,12,0.0,25.0,13.0,3.0,6.0,6.0,7.0,1.0,21.0,13
19237,1,3638729,46,79103,1.8,20,17,6.5,35.3,16.0,14.0,11.0,5.0,4.0,14.0,28.0,14
34380,1,6026658,182,33114,1.5,54,86,2.2,24.4,42.0,20.0,60.0,60.0,14.0,38.0,130.0,14
34381,1,384173,9,42686,1.4,5,7,0.0,28.6,3.0,1.0,3.0,3.0,1.0,2.0,7.0,14
19192,1,9947200,54,184207,2.4,40,18,27.8,55.6,6.0,9.0,13.0,26.0,1.0,5.0,49.0,24
19191,1,192000,2,96000,2.0,2,1,100.0,100.0,1.0,2.0,1.0,1.0,1.0,1.0,2.0,24
19185,1,5309800,40,132745,1.8,28,12,15.0,58.3,17.0,6.0,10.0,7.0,3.0,5.0,32.0,13
19184,1,355000,4,88750,3.0,2,3,0.0,66.7,1.0,1.0,1.0,3.0,1.0,1.0,4.0,24
34383,1,7309580,30,243653,2.1,19,12,6.7,33.3,12.0,7.0,5.0,6.0,6.0,1.0,24.0,9
34189,1,7691925,57,134946,1.7,24,24,14.0,62.5,22.0,13.0,12.0,10.0,4.0,14.0,39.0,14
19545,1,87000,1,87000,3.0,1,1,0.0,0.0,1.0,1.0,1.0,1.0,1.0,1.0,1.0,24
34157,1,6013330,44,136667,2.4,21,16,0.0,56.2,10.0,3.0,20.0,11.0,12.0,4.0,28.0,12
19572,1,7624600,139,54853,1.9,62,67,7.2,40.3,29.0,34.0,48.0,28.0,30.0,4.0,105.0,13
33966,1,53000,2,26500,1.0,2,2,50.0,0.0,1.0,1.0,2.0,1.0,1.0,1.0,2.0,24
33980,1,79000,1,79000,3.0,1,1,0.0,0.0,1.0,1.0,1.0,1.0,1.0,1.0,2.0,24
34002,1,676100,4,169025,1.0,4,3,75.0,0.0,1.0,1.0,1.0,4.0,1.0,1.0,2.0,8
19881,1,1258700,18,69928,1.7,9,13,27.8,15.4,2.0,7.0,4.0,5.0,2.0,5.0,11.0,21
34027,1,2864962,23,124564,2.0,16,14,0.0,28.6,8.0,10.0,2.0,3.0,2.0,14.0,7.0,13
19834,1,8847580,110,80433,1.3,55,32,23.6,25.0,44.0,16.0,14.0,36.0,1.0,60.0,49.0,13
19827,1,6939140,50,138783,1.1,39,28,20.0,28.6,4.0,12.0,18.0,16.0,37.0,1.0,12.0,11
34031,1,640951,5,128190,1.8,5,3,0.0,33.3,1.0,2.0,1.0,2.0,1.0,1.0,5.0,12
34032,1,8720339,95,91793,2.0,61,40,8.4,35.0,26.0,37.0,18.0,14.0,32.0,11.0,52.0,13
34045,1,2645663,22,120257,2.0,17,15,4.5,20.0,4.0,3.0,5.0,10.0,2.0,2.0,18.0,3
19767,1,558442,15,37229,1.3,8,11,13.3,81.8,3.0,3.0,7.0,2.0,4.0,2.0,9.0,24
19760,1,14995277,135,111076,2.1,61,53,14.1,56.6,25.0,49.0,43.0,18.0,66.0,10.0,59.0,14
34086,1,1137501,18,63194,1.8,9,13,27.8,53.8,3.0,6.0,2.0,7.0,7.0,6.0,5.0,14
19752,1,4084862,41,99631,2.0,17,26,4.9,61.5,8.0,5.0,5.0,23.0,5.0,8.0,28.0,14
34103,1,3088314,62,49812,1.9,30,27,9.7,25.9,17.0,19.0,21.0,5.0,6.0,7.0,49.0,14
19714,1,5781100,29,199348,3.0,14,15,3.4,33.3,8.0,5.0,6.0,10.0,2.0,6.0,21.0,21
19710,1,3502342,34,103010,1.6,19,27,26.5,44.4,8.0,6.0,14.0,6.0,2.0,13.0,19.0,24
34106,1,6639734,61,108848,1.7,32,24,9.8,37.5,17.0,16.0,11.0,17.0,30.0,1.0,31.0,24
19677,1,1935952,79,24506,1.1,34,41,5.1,22.0,14.0,14.0,31.0,20.0,9.0,4.0,66.0,14
34113,1,1654907,39,42434,2.0,17,23,2.6,8.7,4.0,3.0,10.0,22.0,8.0,3.0,28.0,14
19655,1,2732950,24,113873,1.3,12,14,33.3,35.7,4.0,11.0,3.0,6.0,2.0,1.0,21.0,24
34118,1,1093812,15,72921,2.1,12,4,20.0,75.0,4.0,11.0,1.0,1.0,6.0,1.0,8.0,24
19649,1,1206100,11,109645,1.9,7,9,45.5,77.8,3.0,1.0,5.0,2.0,1.0,6.0,5.0,24
19634,1,1184200,8,148025,2.2,7,6,37.5,16.7,2.0,1.0,3.0,2.0,1.0,1.0,8.0,13
19622,1,1906178,59,32308,1.5,23,38,1.7,57.9,8.0,13.0,11.0,27.0,17.0,8.0,34.0,14
19579,1,643000,5,128600,1.4,5,4,20.0,50.0,1.0,1.0,4.0,1.0,1.0,1.0,3.0,6
19576,1,1191200,7,170171,2.4,7,4,0.0,50.0,1.0,1.0,1.0,6.0,2.0,1.0,4.0,16
19178,1,9678000,11,879818,2.6,7,10,72.7,40.0,3.0,6.0,2.0,1.0,1.0,1.0,9.0,8
34414,1,4298872,70,61412,1.4,35,30,8.6,76.7,10.0,11.0,22.0,27.0,20.0,14.0,36.0,14
35121,1,11638995,80,145487,3.8,37,41,3.8,24.4,33.0,14.0,20.0,13.0,3.0,14.0,63.0,14
18352,1,56000,2,28000,1.0,2,2,0.0,100.0,2.0,1.0,1.0,1.0,1.0,1.0,1.0,13
18543,1,775834,27,28735,1.6,18,11,3.7,36.4,11.0,8.0,1.0,8.0,1.0,5.0,21.0,11
34829,1,5243850,105,49941,4.2,44,44,16.2,20.5,29.0,23.0,46.0,7.0,67.0,6.0,32.0,12
34861,1,1644369,32,51387,1.7,20,26,3.1,30.8,11.0,6.0,7.0,8.0,4.0,7.0,21.0,9
18515,1,2756263,34,81067,1.7,11,24,2.9,33.3,2.0,13.0,13.0,6.0,6.0,15.0,13.0,14
18499,1,1491430,21,71020,1.5,15,12,14.3,33.3,6.0,4.0,11.0,1.0,7.0,2.0,12.0,13
18479,1,1577000,28,56321,1.4,16,9,17.9,55.6,14.0,4.0,1.0,10.0,10.0,1.0,17.0,9
34872,1,105000,3,35000,1.7,2,2,0.0,50.0,1.0,1.0,3.0,1.0,1.0,1.0,2.0,18
18437,1,339100,4,84775,2.0,3,3,0.0,66.7,1.0,2.0,1.0,1.0,1.0,2.0,2.0,14
34931,1,13268628,145,91508,2.2,69,72,11.7,18.1,38.0,20.0,40.0,47.0,90.0,3.0,52.0,14
34950,1,484050,11,44005,1.5,5,8,27.3,0.0,2.0,2.0,1.0,6.0,1.0,7.0,3.0,14
18416,1,1385311,22,62969,2.0,12,11,13.6,63.6,14.0,1.0,7.0,1.0,1.0,6.0,16.0,12
18388,1,7636700,68,112304,1.7,33,25,19.1,32.0,25.0,24.0,15.0,4.0,2.0,24.0,42.0,24
34975,1,948788,9,105421,2.6,6,8,11.1,37.5,2.0,1.0,1.0,7.0,2.0,2.0,5.0,9
18351,1,781000,7,111571,1.6,6,5,42.9,60.0,1.0,6.0,1.0,1.0,2.0,3.0,2.0,24
19158,1,3466226,41,84542,1.6,26,23,22.0,17.4,16.0,17.0,1.0,7.0,4.0,12.0,25.0,24
18342,1,9619990,37,260000,2.4,30,16,21.6,56.2,3.0,10.0,15.0,9.0,1.0,17.0,19.0,16
18301,1,4108656,66,62252,1.7,37,25,9.1,28.0,6.0,21.0,32.0,7.0,9.0,2.0,55.0,24
18288,1,1186146,12,98846,1.0,10,9,25.0,44.4,1.0,2.0,6.0,3.0,5.0,1.0,6.0,24
34992,1,2786705,24,116113,5.5,16,6,0.0,16.7,2.0,7.0,15.0,1.0,6.0,2.0,16.0,14
18235,1,2497210,21,118915,2.3,16,13,14.3,69.2,11.0,7.0,1.0,2.0,3.0,1.0,17.0,16
35042,1,1840260,14,131447,1.0,11,9,14.3,44.4,2.0,3.0,5.0,4.0,2.0,1.0,11.0,9
18216,1,137000,1,137000,1.0,1,1,0.0,100.0,1.0,1.0,1.0,1.0,1.0,1.0,2.0,24
18205,1,1628000,5,325600,2.2,5,3,20.0,100.0,1.0,3.0,1.0,2.0,1.0,2.0,3.0,16
35071,1,5167600,24,215317,2.9,11,11,41.7,45.5,1.0,7.0,16.0,1.0,1.0,2.0,21.0,8
18186,1,664300,9,73811,1.2,9,7,11.1,71.4,1.0,2.0,4.0,2.0,2.0,2.0,5.0,12
18176,1,356000,10,35600,1.1,6,9,20.0,22.2,4.0,2.0,1.0,4.0,1.0,2.0,7.0,24
18160,1,7490278,37,202440,1.9,21,20,18.9,35.0,12.0,5.0,9.0,11.0,13.0,6.0,18.0,24
35119,1,324000,8,40500,2.5,5,4,12.5,0.0,5.0,1.0,1.0,2.0,1.0,1.0,7.0,11
18552,1,1898397,18,105466,1.4,14,8,27.8,12.5,1.0,6.0,12.0,1.0,6.0,1.0,12.0,13
18569,1,1005300,18,55850,2.2,13,11,16.7,36.4,15.0,1.0,2.0,1.0,6.0,1.0,12.0,11
18595,1,2119100,24,88296,1.2,14,15,12.5,80.0,3.0,9.0,11.0,1.0,2.0,11.0,11.0,24
34827,1,7867966,124,63451,2.3,49,54,4.0,31.5,32.0,19.0,36.0,37.0,30.0,12.0,82.0,9
19156,1,10513339,85,123686,2.0,34,39,44.7,28.2,34.0,8.0,19.0,24.0,12.0,6.0,67.0,14
19151,1,889393,23,38669,1.3,14,20,4.3,40.0,2.0,6.0,9.0,6.0,8.0,2.0,13.0,14
34433,1,1339790,16,83737,1.8,12,9,0.0,22.2,6.0,1.0,4.0,5.0,6.0,9.0,1.0,7
34444,1,749000,9,83222,1.9,4,6,11.1,16.7,4.0,2.0,1.0,3.0,1.0,1.0,7.0,24
34491,1,251200,2,125600,3.0,2,1,50.0,100.0,1.0,1.0,2.0,1.0,1.0,2.0,2.0,16
19106,1,331000,6,55167,2.0,6,2,16.7,50.0,1.0,1.0,6.0,1.0,1.0,1.0,6.0,6
34499,1,4027639,57,70660,2.0,24,26,1.8,46.2,8.0,7.0,4.0,38.0,4.0,4.0,49.0,14
19084,1,4387735,27,162509,1.7,11,17,0.0,35.3,1.0,16.0,9.0,2.0,4.0,10.0,13.0,14
34558,1,4687721,30,156257,2.1,23,15,30.0,26.7,1.0,5.0,19.0,5.0,1.0,5.0,24.0,24
19036,1,231400,2,115700,1.0,2,1,50.0,0.0,1.0,2.0,1.0,1.0,1.0,1.0,2.0,16
19032,1,805260,10,80526,2.2,9,6,20.0,66.7,3.0,3.0,3.0,1.0,1.0,8.0,2.0,12
18987,1,4993467,102,48956,1.8,43,59,3.9,20.3,16.0,29.0,24.0,33.0,1.0,38.0,63.0,14
18968,1,13459800,48,280412,1.1,16,41,2.1,34.1,15.0,9.0,14.0,10.0,3.0,17.0,28.0,19
18938,1,4938320,31,159301,1.0,21,10,25.8,20.0,2.0,1.0,6.0,23.0,1.0,24.0,7.0,12
34654,1,7298981,47,155297,1.7,25,27,23.4,29.6,8.0,4.0,10.0,25.0,6.0,1.0,40.0,14
18914,1,36000,1,36000,1.0,1,1,0.0,100.0,1.0,1.0,1.0,1.0,1.0,1.0,2.0,24
34683,1,899270,21,42822,1.7,7,17,4.8,29.4,5.0,2.0,10.0,4.0,5.0,3.0,13.0,14
18873,1,87500,3,29167,1.0,3,1,33.3,0.0,1.0,1.0,3.0,1.0,2.0,1.0,1.0,24
18857,1,769000,7,109857,2.7,7,3,14.3,100.0,3.0,1.0,1.0,3.0,1.0,3.0,4.0,13
34709,1,14296025,77,185663,1.5,38,40,6.5,47.5,17.0,24.0,10.0,26.0,22.0,15.0,40.0,14
18838,1,523784,11,47617,1.0,8,7,18.2,57.1,5.0,2.0,4.0,1.0,3.0,1.0,7.0,14
18823,1,3427450,22,155793,3.6,13,9,50.0,55.6,9.0,5.0,6.0,2.0,4.0,8.0,10.0,24
18798,1,707000,2,353500,3.0,2,2,50.0,50.0,1.0,1.0,1.0,1.0,1.0,1.0,2.0,21
18767,1,1448100,12,120675,2.3,12,6,16.7,66.7,2.0,1.0,9.0,1.0,1.0,9.0,3.0,22
18663,1,1013000,5,202600,2.6,4,3,80.0,33.3,1.0,3.0,2.0,1.0,1.0,1.0,5.0,24
18648,1,684900,11,62264,2.1,10,8,27.3,87.5,3.0,2.0,5.0,1.0,1.0,9.0,2.0,21
34798,1,5288258,23,229924,2.7,15,14,4.3,21.4,9.0,2.0,7.0,5.0,3.0,4.0,16.0,9
15650,1,1402082,20,70104,2.4,15,12,5.0,66.7,9.0,3.0,2.0,6.0,3.0,8.0,9.0,23
15599,1,78000,3,26000,1.0,3,3,66.7,100.0,1.0,2.0,1.0,1.0,1.0,1.0,3.0,24
40670,1,3746268,66,56762,1.5,37,44,9.1,38.6,12.0,7.0,25.0,22.0,5.0,18.0,43.0,12
39606,1,213500,4,53375,1.5,4,4,25.0,50.0,1.0,2.0,1.0,1.0,1.0,1.0,3.0,24
39322,1,2953447,56,52740,2.2,23,23,3.6,30.4,9.0,27.0,12.0,8.0,1.0,21.0,35.0,21
39327,1,961355,11,87396,1.4,5,5,0.0,80.0,1.0,1.0,11.0,1.0,1.0,1.0,11.0,14
39332,1,2116635,44,48105,2.0,17,20,2.3,35.0,9.0,11.0,16.0,8.0,4.0,6.0,34.0,14
12252,1,470000,5,94000,1.8,4,5,20.0,60.0,1.0,2.0,2.0,1.0,1.0,4.0,1.0,12
39382,1,3437377,46,74726,2.0,26,22,17.4,36.4,6.0,8.0,14.0,18.0,6.0,3.0,37.0,9
12232,1,2859813,65,43997,1.4,45,48,20.0,37.5,15.0,16.0,17.0,17.0,7.0,18.0,40.0,6
39434,1,2985726,44,67857,2.2,24,23,2.3,34.8,5.0,17.0,13.0,9.0,8.0,10.0,26.0,14
39439,1,10199457,99,103025,1.3,23,75,17.2,22.7,23.0,13.0,18.0,45.0,27.0,5.0,67.0,14
39484,1,224600,3,74867,2.3,3,2,33.3,50.0,1.0,3.0,1.0,1.0,1.0,1.0,2.0,11
39491,1,2390091,46,51958,1.6,27,28,23.9,32.1,2.0,11.0,15.0,18.0,27.0,1.0,19.0,24
39494,1,532750,5,106550,2.2,5,3,0.0,33.3,1.0,1.0,1.0,3.0,1.0,1.0,5.0,24
39521,1,7349921,58,126723,1.9,20,31,12.1,32.3,24.0,11.0,12.0,11.0,2.0,20.0,36.0,14
39528,1,5817400,37,157227,2.4,23,16,21.6,37.5,10.0,2.0,14.0,11.0,1.0,4.0,32.0,24
11991,1,253800,7,36257,1.0,7,6,14.3,33.3,3.0,1.0,2.0,1.0,1.0,1.0,6.0,13
39847,1,138600,3,46200,1.0,3,3,0.0,33.3,1.0,1.0,2.0,1.0,1.0,2.0,1.0,12
39621,1,1961700,19,103247,2.7,10,11,0.0,27.3,4.0,6.0,2.0,7.0,2.0,1.0,16.0,24
11959,1,5985200,42,142505,2.2,34,27,14.3,48.1,4.0,18.0,4.0,16.0,1.0,15.0,26.0,19
11957,1,456900,9,50767,1.9,7,6,55.6,66.7,1.0,7.0,1.0,2.0,1.0,1.0,8.0,24
11952,1,26000,1,26000,1.0,1,1,100.0,0.0,1.0,1.0,1.0,1.0,1.0,1.0,2.0,24
39632,1,1349200,19,71011,1.9,13,15,5.3,66.7,7.0,1.0,8.0,3.0,2.0,6.0,11.0,12
11936,1,1184500,11,107682,2.0,8,8,0.0,75.0,7.0,3.0,1.0,1.0,1.0,5.0,5.0,21
39633,1,2452640,19,129086,3.1,11,11,52.6,36.4,1.0,6.0,7.0,5.0,2.0,4.0,13.0,24
39636,1,893648,25,35746,1.5,7,18,0.0,16.7,4.0,5.0,10.0,6.0,13.0,1.0,11.0,14
39691,1,21135886,159,132930,2.2,56,66,8.8,72.7,48.0,29.0,46.0,36.0,30.0,19.0,110.0,14
11842,1,256586,5,51317,1.4,5,4,0.0,100.0,1.0,3.0,1.0,1.0,1.0,1.0,4.0,12
39727,1,3518211,51,68985,2.3,32,23,3.9,21.7,23.0,8.0,17.0,3.0,11.0,2.0,38.0,14
39741,1,4417600,18,245422,4.7,9,13,11.1,23.1,6.0,1.0,5.0,6.0,8.0,1.0,9.0,5
11736,1,1567438,33,47498,1.1,8,25,6.1,32.0,10.0,5.0,9.0,9.0,4.0,10.0,19.0,14
12314,1,4224600,17,248506,2.3,11,7,5.9,42.9,6.0,1.0,10.0,1.0,1.0,11.0,5.0,16
39289,1,5998831,44,136337,2.1,26,21,18.2,52.4,9.0,10.0,17.0,8.0,5.0,11.0,28.0,14
12323,1,2567300,22,116695,1.5,18,14,22.7,64.3,5.0,10.0,7.0,1.0,2.0,4.0,16.0,24
39284,1,2863403,37,77389,1.6,14,21,10.8,9.5,12.0,7.0,7.0,11.0,6.0,4.0,27.0,14
38808,1,989800,4,247450,3.0,4,2,25.0,50.0,1.0,4.0,1.0,1.0,1.0,1.0,4.0,23
38810,1,374000,4,93500,1.5,3,3,0.0,33.3,3.0,1.0,1.0,1.0,1.0,1.0,4.0,24
38812,1,1313649,52,25262,1.3,12,19,9.6,26.3,9.0,10.0,13.0,20.0,18.0,9.0,25.0,14
38813,1,7062668,67,105413,2.1,36,47,17.9,19.1,14.0,21.0,15.0,17.0,8.0,7.0,52.0,14
12901,1,3273080,60,54551,1.5,23,22,3.3,27.3,14.0,35.0,11.0,1.0,13.0,3.0,44.0,14
38865,1,494025,13,38002,1.2,8,8,15.4,25.0,4.0,1.0,8.0,1.0,4.0,1.0,9.0,14
38884,1,1746532,57,30641,1.9,22,23,10.5,17.4,32.0,9.0,4.0,12.0,23.0,1.0,34.0,14
12832,1,694710,9,77190,1.0,6,8,0.0,87.5,2.0,2.0,4.0,1.0,1.0,3.0,6.0,24
38901,1,2771965,32,86624,1.5,20,15,12.5,46.7,1.0,21.0,11.0,1.0,9.0,16.0,7.0,14
12775,1,1752345,33,53101,1.7,25,22,9.1,4.5,6.0,12.0,3.0,12.0,2.0,11.0,20.0,24
12752,1,370800,9,41200,1.7,5,7,0.0,0.0,2.0,6.0,1.0,1.0,2.0,7.0,2.0,23
12718,1,3048400,15,203227,1.8,11,5,26.7,60.0,2.0,7.0,1.0,5.0,1.0,9.0,6.0,8
12682,1,478020,11,43456,1.2,11,7,9.1,14.3,4.0,1.0,4.0,2.0,2.0,2.0,7.0,13
12681,1,4248000,18,236000,2.5,7,14,0.0,57.1,6.0,1.0,6.0,5.0,3.0,3.0,12.0,19
12644,1,2576800,18,143156,1.8,12,9,27.8,88.9,8.0,3.0,1.0,6.0,1.0,7.0,11.0,16
39067,1,473000,5,94600,2.6,4,4,0.0,25.0,4.0,1.0,1.0,1.0,1.0,1.0,4.0,12
39116,1,1862125,38,49003,1.6,25,20,0.0,55.0,5.0,7.0,15.0,11.0,1.0,2.0,35.0,9
12523,1,264400,7,37771,1.3,5,6,42.9,33.3,3.0,1.0,1.0,2.0,3.0,1.0,4.0,24
39141,1,3303984,43,76837,1.8,24,20,14.0,70.0,4.0,8.0,8.0,23.0,18.0,1.0,24.0,12
12475,1,1572600,7,224657,2.1,7,6,14.3,16.7,1.0,5.0,1.0,1.0,1.0,3.0,3.0,12
39194,1,13852765,112,123685,2.1,52,51,26.8,33.3,15.0,47.0,32.0,18.0,39.0,5.0,68.0,14
39199,1,3872454,25,154898,1.8,15,10,24.0,40.0,5.0,1.0,5.0,14.0,2.0,8.0,15.0,14
39204,1,878000,6,146333,3.3,6,6,0.0,50.0,2.0,2.0,2.0,1.0,1.0,3.0,2.0,24
39226,1,719215,13,55324,1.3,9,8,15.4,25.0,2.0,3.0,5.0,3.0,7.0,2.0,4.0,12
39228,1,31926350,43,742473,4.7,24,18,60.5,38.9,26.0,4.0,7.0,6.0,2.0,7.0,34.0,8
39276,1,2365078,19,124478,1.2,7,17,15.8,64.7,6.0,4.0,2.0,7.0,13.0,1.0,6.0,14
39280,1,535700,13,41208,1.3,7,4,23.1,100.0,4.0,1.0,1.0,8.0,1.0,6.0,7.0,14
39817,1,23345065,205,113878,2.2,94,69,7.8,60.9,69.0,23.0,76.0,37.0,7.0,65.0,133.0,14
11617,1,1497200,12,124767,3.8,8,8,25.0,62.5,6.0,1.0,2.0,4.0,1.0,7.0,4.0,2
38772,1,15164346,158,95977,1.9,74,73,27.2,20.5,46.0,22.0,51.0,39.0,50.0,13.0,95.0,24
40403,1,1492980,14,106641,2.1,9,10,7.1,40.0,6.0,4.0,4.0,1.0,3.0,1.0,10.0,23
40243,1,8618793,33,261176,2.6,26,14,15.2,35.7,7.0,5.0,14.0,7.0,2.0,2.0,29.0,24
11067,1,429400,11,39036,1.0,7,6,9.1,33.3,1.0,3.0,4.0,3.0,4.0,1.0,7.0,13
11066,1,748000,5,149600,2.2,5,4,60.0,25.0,1.0,1.0,3.0,1.0,1.0,1.0,4.0,24
40267,1,713871,16,44617,1.9,10,10,6.2,0.0,3.0,1.0,9.0,3.0,6.0,1.0,9.0,14
40275,1,2815498,47,59904,2.3,27,22,4.3,27.3,10.0,4.0,11.0,22.0,10.0,3.0,34.0,9
11017,1,13640038,62,220001,2.4,35,23,33.9,39.1,8.0,1.0,22.0,31.0,5.0,11.0,46.0,8
40286,1,679000,4,169750,2.5,4,2,25.0,50.0,1.0,1.0,3.0,1.0,1.0,1.0,3.0,21
10948,1,190000,3,63333,2.3,3,1,33.3,100.0,1.0,1.0,1.0,3.0,1.0,3.0,2.0,24
40365,1,1533600,15,102240,2.6,5,9,6.7,55.6,6.0,1.0,1.0,8.0,1.0,11.0,4.0,9
40371,1,4394310,43,102193,2.6,27,33,20.9,39.4,11.0,15.0,8.0,9.0,19.0,2.0,22.0,14
40382,1,5388762,130,41452,1.5,24,76,3.8,28.9,22.0,30.0,45.0,33.0,27.0,10.0,93.0,14
10864,1,20867498,113,184668,1.6,61,55,9.7,41.8,49.0,33.0,18.0,13.0,13.0,36.0,64.0,10
10857,1,223000,3,74333,1.0,3,2,33.3,0.0,1.0,3.0,1.0,1.0,1.0,1.0,3.0,16
10839,1,1155400,10,115540,2.4,7,3,10.0,33.3,3.0,1.0,1.0,6.0,3.0,4.0,3.0,21
39868,1,744205,12,62017,1.3,9,6,16.7,16.7,1.0,1.0,11.0,1.0,3.0,1.0,9.0,7
10813,1,1108000,8,138500,1.5,7,5,12.5,60.0,4.0,2.0,1.0,2.0,2.0,3.0,3.0,7
40422,1,1503797,15,100253,1.9,12,9,20.0,44.4,5.0,2.0,6.0,2.0,1.0,3.0,12.0,14
40441,1,922220,12,76852,1.0,9,7,0.0,28.6,1.0,2.0,6.0,4.0,1.0,4.0,8.0,14
10760,1,2421140,29,83488,1.8,18,17,13.8,70.6,8.0,5.0,5.0,11.0,1.0,11.0,17.0,14
40457,1,97910,3,32637,1.7,2,1,0.0,0.0,3.0,1.0,1.0,1.0,1.0,1.0,3.0,14
40471,1,615384,10,61538,1.8,5,9,10.0,22.2,1.0,3.0,2.0,4.0,7.0,1.0,2.0,14
40482,1,6599300,68,97049,2.1,34,27,11.8,33.3,16.0,20.0,21.0,11.0,28.0,15.0,25.0,9
40486,1,3261077,45,72468,1.4,14,28,6.7,25.0,10.0,14.0,7.0,14.0,3.0,2.0,40.0,14
40489,1,640353,8,80044,1.2,6,6,12.5,16.7,1.0,2.0,1.0,5.0,1.0,3.0,5.0,14
10668,1,3766612,23,163766,2.0,20,15,26.1,33.3,5.0,2.0,7.0,9.0,1.0,3.0,19.0,8
10605,1,2565400,16,160338,2.4,12,8,31.2,75.0,8.0,1.0,2.0,6.0,1.0,7.0,9.0,12
40631,1,4117100,25,164684,1.5,21,17,4.0,52.9,5.0,12.0,5.0,3.0,1.0,5.0,20.0,12
40632,1,6723049,59,113950,2.2,31,24,6.8,41.7,21.0,16.0,12.0,10.0,20.0,4.0,35.0,9
11120,1,2028800,25,81152,1.2,18,10,4.0,0.0,1.0,20.0,5.0,1.0,5.0,4.0,16.0,7
40228,1,5531400,55,100571,2.2,23,25,1.8,24.0,6.0,8.0,22.0,19.0,20.0,1.0,34.0,12
11132,1,336000,3,112000,2.3,3,3,33.3,33.3,1.0,1.0,3.0,1.0,1.0,1.0,2.0,15
40226,1,7106226,88,80753,1.6,35,47,5.7,44.7,19.0,25.0,24.0,20.0,35.0,1.0,52.0,14
39903,1,19332611,329,58762,1.4,57,192,7.6,26.6,100.0,55.0,92.0,82.0,136.0,5.0,188.0,14
11532,1,8155060,50,163101,2.1,29,27,44.0,29.6,10.0,15.0,18.0,7.0,2.0,28.0,20.0,8
11531,1,2059000,17,121118,2.6,14,6,11.8,66.7,1.0,2.0,1.0,14.0,1.0,6.0,10.0,12
11528,1,4864300,27,180159,1.4,15,15,22.2,60.0,4.0,8.0,9.0,6.0,3.0,3.0,21.0,24
39914,1,79700,3,26567,1.0,3,1,0.0,0.0,1.0,3.0,1.0,1.0,1.0,1.0,3.0,23
39925,1,7063465,93,75951,1.7,23,43,3.2,53.5,21.0,16.0,28.0,28.0,14.0,36.0,43.0,14
39996,1,8817619,212,41593,1.1,21,175,1.4,25.7,54.0,57.0,48.0,53.0,8.0,92.0,112.0,14
11472,1,1660000,4,415000,1.5,4,3,75.0,66.7,1.0,3.0,1.0,1.0,1.0,3.0,2.0,24
11468,1,3053970,83,36795,1.5,43,35,2.4,28.6,10.0,13.0,26.0,34.0,7.0,5.0,71.0,14
40012,1,951584,32,29737,1.6,13,12,0.0,50.0,25.0,1.0,2.0,5.0,1.0,2.0,30.0,14
40013,1,6706797,79,84896,1.7,23,36,7.6,30.6,21.0,13.0,27.0,18.0,12.0,6.0,61.0,14
40015,1,6079511,163,37298,1.2,22,134,8.0,38.8,36.0,34.0,41.0,52.0,27.0,1.0,136.0,14
40046,1,3785022,79,47912,1.9,23,55,26.6,43.6,12.0,15.0,42.0,10.0,15.0,4.0,60.0,14
11399,1,356000,6,59333,2.2,4,4,16.7,50.0,1.0,2.0,1.0,3.0,1.0,1.0,6.0,24
40053,1,2129450,18,118303,1.4,9,10,11.1,10.0,17.0,1.0,1.0,1.0,2.0,1.0,16.0,14
40095,1,2388050,16,149253,1.9,12,10,12.5,70.0,3.0,6.0,3.0,4.0,3.0,1.0,12.0,11
40102,1,50689838,366,138497,1.9,91,126,26.5,34.9,91.0,76.0,79.0,120.0,61.0,36.0,269.0,14
11334,1,21952026,60,365867,2.5,34,24,41.7,37.5,17.0,20.0,13.0,10.0,27.0,1.0,32.0,8
11333,1,666900,12,55575,2.5,8,7,0.0,71.4,3.0,2.0,2.0,5.0,1.0,6.0,6.0,12
40130,1,1737800,10,173780,2.4,8,4,0.0,50.0,1.0,1.0,1.0,10.0,1.0,1.0,8.0,10
11295,1,2334294,36,64842,2.1,25,13,5.6,46.2,11.0,9.0,2.0,14.0,1.0,5.0,30.0,13
11281,1,2457000,8,307125,2.0,8,6,25.0,33.3,1.0,1.0,8.0,1.0,1.0,4.0,4.0,19
40152,1,4869242,33,147553,2.0,24,23,0.0,26.1,5.0,11.0,11.0,6.0,3.0,2.0,28.0,16
11205,1,62400,2,31200,1.0,2,2,50.0,100.0,1.0,1.0,1.0,1.0,1.0,1.0,1.0,14
40165,1,4158754,52,79976,2.1,24,18,23.1,22.2,2.0,23.0,25.0,2.0,15.0,5.0,32.0,13
40176,1,4172300,59,70717,1.8,21,26,20.3,30.8,30.0,22.0,4.0,3.0,12.0,7.0,40.0,14
40203,1,273982,9,30442,1.2,7,4,22.2,25.0,1.0,1.0,8.0,1.0,1.0,1.0,8.0,14
38789,1,3098934,43,72068,1.3,17,28,4.7,39.3,14.0,10.0,11.0,8.0,1.0,8.0,34.0,14
38710,1,1877900,23,81648,2.6,18,13,8.7,38.5,8.0,2.0,4.0,9.0,3.0,2.0,18.0,19
15593,1,1433360,34,42158,1.5,22,21,5.9,19.0,19.0,10.0,1.0,5.0,1.0,29.0,5.0,13
14699,1,458604,9,50956,1.4,8,4,11.1,100.0,1.0,5.0,4.0,1.0,1.0,4.0,4.0,14
37396,1,460000,1,460000,3.0,1,1,100.0,0.0,1.0,1.0,1.0,1.0,1.0,1.0,2.0,24
37424,1,8653725,26,332836,3.3,14,15,7.7,20.0,20.0,1.0,5.0,1.0,4.0,4.0,18.0,12
37440,1,6675058,83,80422,2.2,28,27,21.7,29.6,21.0,21.0,29.0,12.0,32.0,10.0,41.0,24
37442,1,1288720,28,46026,2.5,19,16,10.7,18.8,8.0,10.0,10.0,1.0,13.0,4.0,11.0,12
37462,1,2787207,65,42880,1.7,33,27,1.5,37.0,21.0,5.0,19.0,20.0,1.0,17.0,47.0,14
14826,1,89000,1,89000,3.0,1,1,100.0,100.0,1.0,1.0,1.0,1.0,1.0,1.0,2.0,24
14810,1,1852100,11,168373,1.0,11,7,0.0,100.0,7.0,2.0,1.0,1.0,1.0,1.0,10.0,16
37477,1,1909300,24,79554,2.0,21,10,25.0,50.0,2.0,6.0,12.0,4.0,2.0,1.0,21.0,12
14758,1,3709324,56,66238,1.5,37,17,16.1,76.5,7.0,26.0,4.0,19.0,1.0,9.0,47.0,13
37514,1,8527050,60,142118,2.1,38,25,6.7,44.0,17.0,14.0,25.0,4.0,15.0,1.0,45.0,13
14737,1,1292339,20,64617,1.2,13,9,0.0,66.7,3.0,7.0,6.0,4.0,1.0,2.0,18.0,14
14717,1,1238100,24,51588,1.2,17,12,8.3,58.3,3.0,1.0,10.0,11.0,4.0,6.0,14.0,13
37522,1,6663306,34,195980,1.6,16,19,8.8,31.6,2.0,15.0,12.0,5.0,7.0,4.0,23.0,14
14664,1,5408980,23,235173,2.2,13,14,39.1,57.1,7.0,2.0,5.0,9.0,3.0,8.0,12.0,8
14407,1,3308720,26,127258,2.0,18,15,3.8,53.3,5.0,11.0,6.0,4.0,2.0,8.0,16.0,15
14611,1,1098914,20,54946,1.5,11,15,5.0,40.0,7.0,6.0,3.0,4.0,1.0,2.0,17.0,14
37568,1,5098545,85,59983,2.0,42,32,0.0,18.8,23.0,25.0,33.0,4.0,42.0,6.0,37.0,14
37580,1,6021094,100,60211,2.0,32,44,5.0,34.1,22.0,21.0,17.0,40.0,33.0,13.0,54.0,14
37648,1,1183800,15,78920,1.5,13,13,20.0,15.4,6.0,6.0,3.0,1.0,1.0,1.0,14.0,21
14536,1,1147000,7,163857,2.1,7,4,0.0,100.0,4.0,1.0,2.0,1.0,1.0,1.0,6.0,7
14502,1,181900,5,36380,1.0,5,2,0.0,0.0,1.0,1.0,5.0,1.0,1.0,4.0,1.0,12
14488,1,166000,3,55333,1.7,3,3,66.7,33.3,1.0,1.0,1.0,2.0,1.0,1.0,3.0,24
37664,1,1918500,23,83413,2.0,15,11,0.0,36.4,3.0,12.0,8.0,1.0,6.0,1.0,16.0,12
37693,1,2139083,28,76396,1.9,13,14,7.1,28.6,12.0,1.0,4.0,12.0,9.0,1.0,18.0,14
37703,1,4664283,78,59798,1.8,24,22,1.3,45.5,17.0,12.0,29.0,20.0,1.0,23.0,55.0,14
37707,1,928700,15,61913,1.9,14,10,33.3,20.0,7.0,1.0,3.0,4.0,2.0,1.0,13.0,24
37734,1,4721683,66,71541,1.4,42,43,21.2,48.8,24.0,4.0,20.0,18.0,8.0,10.0,48.0,9
14422,1,867500,11,78864,1.0,9,8,45.5,12.5,1.0,4.0,6.0,1.0,1.0,3.0,7.0,24
37395,1,7113899,56,127034,1.8,27,31,8.9,54.8,11.0,17.0,13.0,15.0,8.0,13.0,35.0,11
14932,1,3243590,58,55924,1.1,38,25,13.8,28.0,12.0,3.0,35.0,8.0,32.0,1.0,25.0,9
14963,1,238000,5,47600,1.0,5,3,20.0,33.3,1.0,1.0,3.0,1.0,3.0,1.0,2.0,15
14993,1,207146,9,23016,1.0,4,7,22.2,57.1,2.0,1.0,6.0,1.0,1.0,3.0,6.0,14
15559,1,6175042,47,131384,2.1,27,22,17.0,9.1,4.0,12.0,27.0,4.0,1.0,6.0,41.0,11
15557,1,267920,6,44653,1.3,5,5,0.0,40.0,3.0,1.0,1.0,2.0,1.0,1.0,5.0,14
15556,1,2023320,15,134888,2.5,10,7,0.0,100.0,2.0,4.0,9.0,1.0,1.0,9.0,6.0,24
36915,1,2147482,40,53687,2.2,20,23,2.5,30.4,19.0,8.0,7.0,6.0,1.0,7.0,32.0,9
36917,1,11759846,77,152725,2.6,57,32,9.1,21.9,22.0,13.0,24.0,18.0,27.0,7.0,43.0,12
15486,1,1926385,23,83756,2.1,16,15,8.7,86.7,6.0,6.0,5.0,6.0,1.0,8.0,14.0,21
15464,1,1375000,7,196429,1.6,6,5,42.9,60.0,1.0,3.0,2.0,1.0,1.0,1.0,7.0,24
15440,1,262800,4,65700,1.5,4,4,50.0,25.0,1.0,1.0,3.0,1.0,2.0,1.0,2.0,24
36941,1,3784444,31,122079,2.8,18,19,3.2,31.6,11.0,7.0,8.0,5.0,3.0,7.0,21.0,12
15395,1,1797210,14,128372,2.0,10,9,0.0,44.4,1.0,1.0,7.0,6.0,6.0,2.0,6.0,6
36963,1,711404,14,50815,2.0,9,9,7.1,0.0,1.0,4.0,6.0,4.0,13.0,1.0,1.0,13
15384,1,10712200,56,191289,2.7,30,16,46.4,81.2,16.0,7.0,20.0,13.0,1.0,38.0,17.0,8
15370,1,751700,6,125283,1.3,6,4,16.7,75.0,2.0,1.0,1.0,2.0,1.0,2.0,4.0,13
36994,1,13059570,96,136037,2.5,50,41,7.3,34.1,26.0,19.0,28.0,23.0,24.0,16.0,56.0,12
15335,1,233000,4,58250,1.0,4,3,75.0,33.3,1.0,1.0,1.0,3.0,1.0,3.0,1.0,24
37039,1,2369279,55,43078,1.7,12,24,9.1,29.2,17.0,7.0,12.0,19.0,5.0,22.0,28.0,14
15216,1,7324357,123,59548,1.0,29,50,8.9,32.0,42.0,25.0,13.0,43.0,1.0,68.0,54.0,14
37139,1,6041272,38,158981,1.9,21,23,7.9,30.4,9.0,1.0,16.0,12.0,4.0,14.0,20.0,14
15196,1,52000,1,52000,1.0,1,1,0.0,100.0,1.0,1.0,1.0,1.0,1.0,1.0,1.0,24
37140,1,1866857,30,62229,1.1,16,9,10.0,22.2,2.0,12.0,14.0,2.0,1.0,4.0,26.0,14
37260,1,690800,6,115133,2.7,6,4,33.3,50.0,1.0,3.0,2.0,1.0,1.0,1.0,5.0,24
37317,1,6442967,137,47029,1.3,25,74,4.4,28.4,27.0,33.0,46.0,31.0,29.0,40.0,68.0,14
37326,1,5325364,109,48857,1.3,27,86,9.2,32.6,28.0,28.0,32.0,21.0,51.0,11.0,47.0,14
15039,1,687000,7,98143,1.7,7,7,0.0,28.6,4.0,1.0,1.0,2.0,1.0,1.0,5.0,24
37340,1,19362817,98,197580,1.0,44,50,6.1,46.0,29.0,20.0,29.0,20.0,17.0,12.0,69.0,14
37366,1,749644,14,53546,1.9,9,7,7.1,14.3,2.0,1.0,5.0,7.0,2.0,1.0,12.0,12
15013,1,705320,9,78369,1.9,6,6,22.2,33.3,5.0,1.0,1.0,3.0,2.0,1.0,7.0,13
14413,1,2581240,54,47801,1.6,34,31,14.8,54.8,8.0,18.0,22.0,6.0,6.0,23.0,25.0,14
37780,1,249000,6,41500,2.0,4,3,16.7,0.0,1.0,3.0,1.0,3.0,1.0,1.0,6.0,14
38671,1,7900500,64,123445,4.1,32,30,14.1,36.7,15.0,1.0,18.0,31.0,1.0,15.0,48.0,11
13331,1,2649682,48,55202,1.4,31,23,14.6,65.2,7.0,10.0,25.0,6.0,8.0,2.0,38.0,13
38398,1,4183444,35,119527,2.3,20,16,14.3,43.8,11.0,5.0,12.0,7.0,1.0,10.0,25.0,14
38407,1,5772400,115,50195,2.7,43,53,3.5,39.6,20.0,19.0,46.0,30.0,6.0,24.0,85.0,24
38417,1,3584695,41,87432,1.6,25,19,12.2,47.4,15.0,14.0,3.0,9.0,6.0,7.0,28.0,12
13537,1,882836,18,49046,1.4,11,12,11.1,58.3,2.0,3.0,8.0,5.0,6.0,2.0,10.0,14
38422,1,7086980,17,416881,2.5,9,12,0.0,41.7,7.0,2.0,3.0,5.0,1.0,2.0,14.0,24
38427,1,-404945,29,-13964,1.2,6,12,0.0,75.0,7.0,9.0,7.0,6.0,19.0,2.0,8.0,14
38431,1,2182818,39,55970,2.6,19,26,10.3,34.6,13.0,11.0,2.0,13.0,10.0,9.0,20.0,9
38446,1,1450687,21,69080,1.8,11,8,23.8,50.0,1.0,6.0,2.0,13.0,1.0,6.0,14.0,12
13445,1,3822070,30,127402,1.9,16,14,6.7,100.0,8.0,7.0,7.0,8.0,8.0,15.0,7.0,19
13419,1,1400651,12,116721,2.0,9,10,8.3,20.0,3.0,4.0,5.0,1.0,4.0,1.0,8.0,14
13404,1,4275600,13,328892,1.9,7,7,15.4,71.4,2.0,5.0,3.0,3.0,1.0,2.0,11.0,19
13401,1,3685876,48,76789,2.0,31,21,4.2,90.5,9.0,30.0,5.0,4.0,1.0,15.0,32.0,24
13377,1,2053100,15,136873,2.1,5,13,0.0,46.2,1.0,1.0,14.0,1.0,3.0,3.0,9.0,15
38512,1,3091981,19,162736,1.4,12,10,21.1,40.0,7.0,1.0,1.0,10.0,1.0,1.0,18.0,14
14340,1,265274,9,29475,1.0,6,6,11.1,33.3,2.0,2.0,5.0,1.0,3.0,1.0,5.0,24
38513,1,7362710,49,150259,2.4,39,23,6.1,30.4,13.0,9.0,6.0,21.0,15.0,4.0,30.0,10
13316,1,38000,3,12667,1.0,2,3,33.3,33.3,1.0,1.0,1.0,2.0,1.0,3.0,2.0,1
13315,1,5899410,35,168555,2.3,16,23,14.3,39.1,9.0,8.0,12.0,6.0,1.0,10.0,25.0,19
13304,1,2992400,11,272036,1.7,10,9,18.2,88.9,2.0,1.0,7.0,2.0,1.0,1.0,10.0,19
38538,1,12704000,65,195446,1.9,42,34,26.2,35.3,16.0,23.0,8.0,18.0,14.0,9.0,42.0,9
38587,1,1596820,8,199602,1.2,7,3,25.0,100.0,1.0,1.0,5.0,3.0,3.0,1.0,5.0,12
13163,1,2720900,30,90697,1.3,17,12,10.0,41.7,14.0,6.0,1.0,10.0,2.0,6.0,22.0,14
38639,1,2120778,24,88366,2.1,18,20,8.3,25.0,5.0,5.0,9.0,5.0,1.0,5.0,19.0,5
38640,1,1557250,16,97328,1.0,14,10,12.5,10.0,8.0,1.0,3.0,4.0,9.0,1.0,7.0,9
38649,1,1577947,21,75140,1.7,11,14,19.0,42.9,8.0,1.0,5.0,7.0,3.0,3.0,15.0,14
38667,1,7670183,93,82475,2.1,45,34,24.7,20.6,15.0,27.0,17.0,34.0,19.0,4.0,70.0,24
13055,1,283100,4,70775,1.5,3,3,25.0,0.0,1.0,1.0,4.0,1.0,1.0,1.0,3.0,14
13054,1,2968550,24,123690,1.3,14,16,12.5,37.5,7.0,8.0,9.0,1.0,4.0,10.0,10.0,14
38351,1,554400,6,92400,2.3,5,4,16.7,100.0,1.0,2.0,3.0,1.0,3.0,1.0,2.0,24
13612,1,778394,31,25109,1.2,9,18,0.0,27.8,13.0,4.0,5.0,9.0,3.0,11.0,17.0,14
38304,1,859000,8,107375,2.0,4,5,37.5,20.0,6.0,1.0,1.0,1.0,6.0,1.0,2.0,10
13669,1,2158000,8,269750,1.8,6,5,62.5,40.0,1.0,3.0,5.0,1.0,1.0,1.0,7.0,24
37804,1,34928307,223,156629,2.2,95,61,17.0,57.4,25.0,63.0,60.0,75.0,31.0,24.0,168.0,14
14321,1,1781200,11,161927,2.1,9,6,9.1,83.3,1.0,4.0,1.0,5.0,5.0,1.0,5.0,21
14305,1,390500,5,78100,1.0,5,5,0.0,100.0,3.0,1.0,1.0,1.0,1.0,1.0,4.0,11
14304,1,589000,5,117800,1.4,4,3,40.0,0.0,2.0,2.0,1.0,1.0,1.0,1.0,4.0,24
14296,1,2291160,41,55882,1.9,22,22,2.4,31.8,7.0,8.0,14.0,12.0,1.0,15.0,26.0,16
14246,1,2716786,36,75466,1.9,18,24,5.6,45.8,7.0,8.0,4.0,17.0,15.0,7.0,14.0,14
37922,1,1189490,8,148686,2.8,7,5,12.5,40.0,3.0,2.0,1.0,2.0,1.0,3.0,5.0,14
37939,1,924616,15,61641,1.5,5,12,0.0,41.7,1.0,8.0,2.0,4.0,5.0,3.0,7.0,14
14159,1,68500,3,22833,1.0,3,3,0.0,0.0,1.0,1.0,2.0,1.0,1.0,1.0,3.0,24
38041,1,8279396,46,179987,1.7,26,24,21.7,25.0,8.0,10.0,11.0,17.0,5.0,8.0,33.0,14
13973,1,15972989,152,105085,3.0,44,49,15.1,32.7,67.0,37.0,23.0,25.0,4.0,33.0,115.0,11
13972,1,5283584,25,211343,1.5,22,11,12.0,45.5,7.0,9.0,9.0,1.0,1.0,6.0,19.0,7
38081,1,663990,14,47428,1.9,11,5,14.3,20.0,1.0,1.0,9.0,4.0,2.0,6.0,6.0,9
38104,1,1177432,33,35680,1.7,21,18,3.0,22.2,4.0,4.0,2.0,23.0,9.0,2.0,22.0,9
13938,1,1974500,27,73130,1.9,19,17,11.1,94.1,10.0,3.0,2.0,12.0,3.0,6.0,18.0,12
13898,1,6796817,56,121372,4.6,28,24,14.3,29.2,19.0,12.0,14.0,11.0,30.0,1.0,26.0,14
13897,1,1578100,20,78905,2.7,12,9,5.0,44.4,8.0,1.0,12.0,1.0,2.0,2.0,16.0,24
13834,1,1376552,9,152950,2.6,7,5,22.2,60.0,5.0,1.0,1.0,3.0,1.0,1.0,8.0,12
13815,1,30000,1,30000,1.0,1,1,100.0,100.0,1.0,1.0,1.0,1.0,1.0,1.0,1.0,24
13805,1,1266900,8,158362,2.2,7,4,12.5,50.0,1.0,1.0,1.0,8.0,2.0,4.0,2.0,16
13799,1,202000,2,101000,3.5,2,1,50.0,0.0,1.0,1.0,2.0,1.0,1.0,1.0,2.0,22
38192,1,196907,7,28130,1.0,5,4,0.0,50.0,2.0,1.0,5.0,1.0,2.0,1.0,5.0,14
13732,1,129100,3,43033,1.7,3,2,33.3,50.0,1.0,2.0,1.0,1.0,1.0,1.0,3.0,21
13731,1,2625190,35,75005,1.6,22,22,20.0,18.2,10.0,6.0,14.0,5.0,18.0,1.0,17.0,24
13713,1,7045295,75,93937,1.8,40,36,30.7,41.7,13.0,15.0,13.0,34.0,1.0,12.0,63.0,24
13706,1,3964700,42,94398,2.0,25,13,9.5,46.2,17.0,7.0,14.0,4.0,12.0,1.0,30.0,13
13682,1,1019000,7,145571,1.6,7,7,28.6,42.9,1.0,2.0,1.0,4.0,1.0,3.0,3.0,24
33948,1,3187500,20,159375,2.6,9,11,55.0,36.4,6.0,4.0,6.0,4.0,16.0,1.0,4.0,24
19991,1,4116135,62,66389,1.9,38,40,0.0,47.5,15.0,12.0,5.0,30.0,1.0,32.0,30.0,11
20003,1,377759,19,19882,1.5,9,9,5.3,44.4,5.0,4.0,2.0,8.0,2.0,3.0,14.0,14
25994,1,2440980,33,73969,1.9,17,15,0.0,26.7,4.0,6.0,13.0,10.0,5.0,9.0,19.0,13
26257,1,1747200,22,79418,1.5,19,10,36.4,0.0,1.0,6.0,1.0,15.0,4.0,1.0,17.0,13
26253,1,7502695,114,65813,1.4,49,38,7.0,63.2,29.0,32.0,29.0,24.0,31.0,36.0,47.0,14
30280,1,25915171,118,219620,2.8,56,53,7.6,32.1,25.0,25.0,36.0,32.0,35.0,6.0,77.0,12
30287,1,3159039,35,90258,2.6,30,23,2.9,13.0,11.0,8.0,8.0,8.0,11.0,2.0,22.0,9
30288,1,2887033,35,82487,2.0,19,22,0.0,9.1,3.0,8.0,12.0,12.0,34.0,1.0,1.0,14
30292,1,1317256,15,87817,1.0,7,11,13.3,63.6,1.0,4.0,5.0,5.0,4.0,2.0,9.0,14
30300,1,1772928,8,221616,2.5,7,5,12.5,20.0,1.0,4.0,1.0,2.0,1.0,1.0,7.0,9
26071,1,25561559,216,118341,2.3,99,69,8.3,40.6,60.0,58.0,54.0,44.0,22.0,32.0,162.0,9
30311,1,11663211,84,138848,1.9,38,56,10.7,32.1,12.0,26.0,26.0,20.0,44.0,3.0,37.0,9
26036,1,583800,4,145950,2.2,3,3,0.0,66.7,2.0,1.0,2.0,1.0,3.0,1.0,1.0,6
30316,1,25145904,170,147917,1.1,62,68,14.7,47.1,29.0,26.0,49.0,66.0,21.0,64.0,85.0,13
30338,1,704764,7,100681,2.1,6,5,14.3,40.0,1.0,1.0,4.0,2.0,1.0,1.0,6.0,21
26010,1,2945590,72,40911,1.0,28,39,0.0,43.6,10.0,21.0,20.0,21.0,10.0,21.0,41.0,14
30379,1,3367570,12,280631,1.4,4,7,0.0,14.3,8.0,1.0,1.0,3.0,1.0,7.0,5.0,14
25669,1,3380809,27,125215,1.5,19,15,22.2,60.0,5.0,6.0,14.0,2.0,5.0,5.0,17.0,24
25963,1,4087320,37,110468,3.4,21,19,5.4,52.6,7.0,4.0,17.0,9.0,9.0,2.0,26.0,13
30386,1,3393090,35,96945,2.0,22,12,22.9,50.0,9.0,5.0,15.0,6.0,3.0,6.0,26.0,24
30404,1,14133355,110,128485,1.4,55,35,18.2,45.7,12.0,42.0,36.0,20.0,16.0,24.0,70.0,14
30414,1,1314450,16,82153,1.9,12,8,12.5,12.5,7.0,2.0,1.0,7.0,5.0,2.0,9.0,11
25904,1,1035327,20,51766,1.6,14,12,5.0,91.7,10.0,9.0,1.0,1.0,1.0,1.0,20.0,14
30473,1,1365600,18,75867,2.6,15,11,16.7,45.5,3.0,6.0,3.0,6.0,4.0,1.0,14.0,13
25841,1,798175,22,36281,1.2,10,20,13.6,50.0,5.0,6.0,3.0,8.0,2.0,4.0,16.0,14
25834,1,1357104,38,35713,1.5,15,15,26.3,40.0,8.0,2.0,18.0,10.0,1.0,11.0,27.0,13
30477,1,870916,18,48384,1.8,12,7,5.6,28.6,5.0,1.0,12.0,1.0,2.0,1.0,16.0,13
30490,1,8880800,22,403673,2.0,16,10,13.6,30.0,8.0,2.0,9.0,3.0,9.0,4.0,9.0,13
30550,1,2245215,35,64149,1.8,30,20,11.4,5.0,3.0,23.0,5.0,4.0,5.0,1.0,30.0,13
30571,1,895804,44,20359,1.1,11,30,2.3,13.3,16.0,5.0,12.0,11.0,32.0,1.0,12.0,14
25700,1,474600,4,118650,1.5,4,3,25.0,66.7,1.0,1.0,2.0,1.0,3.0,1.0,1.0,16
30250,1,6329930,107,59158,2.2,51,44,7.5,22.7,31.0,40.0,8.0,28.0,38.0,1.0,68.0,11
30224,1,2138467,73,29294,1.3,28,37,9.6,35.1,16.0,9.0,36.0,12.0,8.0,17.0,48.0,14
30168,1,480000,1,480000,3.0,1,1,100.0,100.0,1.0,1.0,1.0,1.0,1.0,1.0,1.0,24
26311,1,107000,2,53500,2.0,2,2,0.0,0.0,2.0,1.0,1.0,1.0,1.0,2.0,2.0,22
26777,1,3048643,48,63513,1.1,23,29,10.4,13.8,7.0,10.0,12.0,19.0,21.0,4.0,23.0,14
26748,1,3659000,25,146360,2.4,19,15,0.0,33.3,3.0,9.0,7.0,6.0,4.0,4.0,17.0,19
26742,1,240000,5,48000,1.0,1,5,100.0,40.0,1.0,2.0,1.0,2.0,1.0,3.0,2.0,24
29953,1,3361701,38,88466,1.0,17,19,0.0,57.9,9.0,20.0,5.0,4.0,3.0,10.0,25.0,14
26650,1,902600,4,225650,4.8,4,4,25.0,25.0,1.0,3.0,1.0,1.0,2.0,1.0,2.0,24
26649,1,331000,4,82750,2.5,2,1,75.0,0.0,1.0,4.0,1.0,1.0,1.0,1.0,4.0,24
26637,1,1004000,2,502000,2.0,2,1,50.0,0.0,1.0,1.0,1.0,2.0,1.0,1.0,2.0,15
29969,1,2206600,43,51316,1.1,25,23,37.2,30.4,7.0,8.0,9.0,19.0,13.0,16.0,14.0,24
26574,1,4119600,25,164784,1.5,17,13,0.0,46.2,10.0,3.0,9.0,3.0,4.0,4.0,17.0,19
26568,1,4096000,9,455111,2.1,6,3,66.7,66.7,3.0,6.0,1.0,1.0,1.0,3.0,6.0,8
26561,1,2476001,54,45852,1.6,29,23,1.9,30.4,3.0,8.0,15.0,28.0,18.0,2.0,34.0,14
26557,1,2397898,47,51019,1.6,34,20,8.5,40.0,4.0,21.0,11.0,11.0,15.0,7.0,25.0,13
26520,1,3712752,41,90555,2.0,27,11,0.0,72.7,9.0,1.0,5.0,27.0,12.0,10.0,19.0,3
26511,1,1965050,6,327508,2.7,6,5,16.7,60.0,4.0,1.0,1.0,1.0,1.0,1.0,5.0,16
26501,1,850000,9,94444,2.1,4,4,11.1,0.0,1.0,1.0,4.0,3.0,1.0,4.0,4.0,20
26492,1,4565595,53,86143,1.2,33,35,11.3,28.6,12.0,5.0,25.0,11.0,20.0,1.0,32.0,14
26476,1,4323348,44,98258,1.6,22,22,13.6,45.5,6.0,7.0,12.0,19.0,4.0,9.0,31.0,24
26462,1,1200350,38,31588,1.4,23,19,10.5,21.1,20.0,6.0,7.0,5.0,9.0,3.0,26.0,14
29996,1,4858720,42,115684,1.8,26,15,21.4,6.7,5.0,12.0,13.0,12.0,7.0,2.0,33.0,13
26412,1,577100,9,64122,2.3,6,6,11.1,33.3,3.0,1.0,6.0,1.0,2.0,1.0,7.0,9
26408,1,9878587,54,182937,2.3,33,21,16.7,42.9,1.0,37.0,17.0,1.0,3.0,20.0,31.0,13
30097,1,3726060,61,61083,1.8,34,30,9.8,43.3,28.0,15.0,6.0,12.0,18.0,11.0,32.0,24
30098,1,15135833,148,102269,1.2,57,79,7.4,32.9,34.0,49.0,37.0,28.0,70.0,9.0,69.0,14
26356,1,3277342,44,74485,1.1,23,21,4.5,81.0,11.0,8.0,16.0,9.0,17.0,13.0,14.0,14
26347,1,2799000,33,84818,2.3,21,9,3.0,44.4,10.0,4.0,19.0,1.0,4.0,11.0,18.0,13
26344,1,1445849,13,111219,2.6,8,7,30.8,28.6,9.0,1.0,1.0,3.0,2.0,3.0,8.0,13
26338,1,311000,5,62200,1.0,4,4,20.0,0.0,1.0,2.0,2.0,1.0,3.0,1.0,2.0,5
25675,1,328220,9,36469,1.4,6,8,11.1,37.5,4.0,1.0,2.0,2.0,4.0,5.0,2.0,16
25656,1,852153,8,106519,2.4,6,6,37.5,50.0,4.0,1.0,2.0,1.0,5.0,1.0,2.0,13
29916,1,645686,14,46120,1.7,8,7,21.4,0.0,5.0,1.0,3.0,6.0,4.0,1.0,10.0,14
24828,1,2693900,12,224492,1.3,9,7,16.7,71.4,6.0,1.0,1.0,4.0,1.0,5.0,6.0,16
25016,1,140000,5,28000,1.8,3,4,20.0,100.0,3.0,1.0,1.0,1.0,1.0,1.0,4.0,21
30874,1,4894364,64,76474,1.3,36,35,3.1,40.0,19.0,11.0,21.0,13.0,31.0,4.0,29.0,14
30904,1,746100,8,93262,2.4,6,3,12.5,100.0,7.0,1.0,1.0,1.0,4.0,1.0,4.0,11
30920,1,9495523,86,110413,1.7,60,31,7.0,29.0,18.0,42.0,13.0,13.0,16.0,17.0,53.0,13
24935,1,3582138,127,28206,1.5,41,67,3.1,32.8,26.0,19.0,53.0,29.0,24.0,20.0,83.0,13
24926,1,1397100,14,99793,2.1,14,12,14.3,100.0,3.0,3.0,2.0,6.0,1.0,2.0,12.0,24
24917,1,3668245,62,59165,1.0,25,35,3.2,62.9,10.0,11.0,23.0,18.0,5.0,30.0,27.0,14
30942,1,1166412,15,77761,1.3,7,11,0.0,45.5,4.0,4.0,3.0,4.0,4.0,1.0,11.0,14
30944,1,1870744,23,81337,1.2,11,14,26.1,78.6,7.0,1.0,6.0,9.0,12.0,4.0,7.0,14
24894,1,312568,11,28415,1.4,10,7,9.1,42.9,1.0,1.0,3.0,8.0,1.0,1.0,10.0,13
24882,1,334000,2,167000,1.0,2,1,50.0,0.0,1.0,1.0,1.0,2.0,1.0,1.0,2.0,22
24870,1,21578600,59,365739,2.7,22,30,11.9,13.3,27.0,6.0,20.0,6.0,1.0,32.0,27.0,9
24833,1,1415880,23,61560,2.1,15,11,4.3,18.2,2.0,4.0,4.0,13.0,7.0,7.0,9.0,9
24785,1,1401200,16,87575,1.2,14,10,12.5,50.0,6.0,1.0,1.0,8.0,1.0,5.0,10.0,19
25612,1,150000,3,50000,2.3,3,3,0.0,100.0,1.0,2.0,1.0,1.0,1.0,1.0,2.0,13
24777,1,34191880,140,244228,2.1,56,55,18.6,38.2,37.0,30.0,51.0,22.0,16.0,16.0,108.0,9
24766,1,14354059,60,239234,1.9,34,29,10.0,20.7,21.0,8.0,12.0,19.0,14.0,3.0,43.0,19
24765,1,445000,7,63571,1.0,7,3,14.3,66.7,1.0,1.0,1.0,5.0,1.0,2.0,5.0,12
24764,1,9189520,63,145865,1.9,35,27,14.3,22.2,16.0,22.0,2.0,23.0,10.0,5.0,48.0,14
24755,1,1909850,15,127323,1.0,9,13,0.0,53.8,6.0,2.0,5.0,2.0,6.0,2.0,7.0,13
31028,1,16448079,94,174980,2.4,42,26,10.6,30.8,3.0,22.0,32.0,37.0,11.0,26.0,57.0,9
24716,1,1911220,20,95561,1.7,14,9,10.0,55.6,1.0,11.0,3.0,5.0,6.0,1.0,13.0,24
31060,1,2191300,16,136956,2.6,12,8,25.0,12.5,3.0,1.0,7.0,5.0,9.0,1.0,7.0,8
31124,1,619000,5,123800,1.8,5,4,0.0,25.0,2.0,1.0,1.0,2.0,1.0,4.0,1.0,19
24647,1,4002480,57,70219,1.5,28,29,8.8,31.0,9.0,12.0,21.0,15.0,25.0,4.0,28.0,13
31200,1,5551200,90,61680,1.9,22,46,35.6,34.8,46.0,18.0,15.0,11.0,8.0,9.0,73.0,14
31211,1,7242671,245,29562,1.5,53,95,14.7,29.5,42.0,41.0,43.0,119.0,54.0,31.0,160.0,14
24597,1,3040320,28,108583,3.4,19,12,10.7,41.7,4.0,8.0,12.0,4.0,6.0,5.0,17.0,11
30856,1,1908400,17,112259,2.4,15,10,0.0,20.0,2.0,3.0,7.0,5.0,4.0,1.0,12.0,12
30821,1,5195571,146,35586,1.8,43,61,8.9,32.8,25.0,31.0,38.0,52.0,43.0,33.0,70.0,14
25138,1,6320800,88,71827,2.6,44,56,15.9,37.5,25.0,16.0,23.0,24.0,7.0,59.0,22.0,5
25151,1,219500,6,36583,1.0,6,3,16.7,0.0,1.0,1.0,1.0,5.0,1.0,1.0,5.0,13
25601,1,1414011,82,17244,2.0,31,29,14.6,31.0,18.0,1.0,19.0,45.0,38.0,1.0,44.0,9
30625,1,17809620,88,202382,1.6,38,42,23.9,21.4,26.0,27.0,20.0,15.0,39.0,1.0,49.0,13
25539,1,6489160,29,223764,1.4,24,10,6.9,40.0,14.0,1.0,1.0,13.0,16.0,1.0,13.0,13
30626,1,1049860,37,28375,1.8,23,17,5.4,88.2,17.0,5.0,14.0,1.0,17.0,5.0,15.0,13
25527,1,2509950,28,89641,2.2,19,13,25.0,23.1,2.0,6.0,3.0,17.0,8.0,1.0,19.0,9
25495,1,1295281,13,99637,2.1,9,8,30.8,12.5,5.0,1.0,4.0,4.0,4.0,3.0,6.0,13
25484,1,199500,5,39900,1.0,5,3,20.0,66.7,1.0,1.0,4.0,1.0,2.0,1.0,3.0,13
25474,1,3043680,50,60874,1.9,37,19,0.0,21.1,10.0,10.0,28.0,2.0,22.0,1.0,28.0,13
25466,1,13618679,78,174598,1.6,44,26,32.1,34.6,10.0,7.0,45.0,16.0,19.0,11.0,48.0,19
25464,1,5486188,35,156748,2.1,18,13,8.6,7.7,4.0,12.0,9.0,10.0,15.0,1.0,20.0,13
25429,1,3174662,24,132278,2.0,14,9,12.5,33.3,6.0,1.0,17.0,1.0,2.0,1.0,21.0,24
25410,1,507920,9,56436,2.1,5,5,0.0,20.0,6.0,2.0,1.0,1.0,5.0,3.0,1.0,13
30645,1,5894601,103,57229,1.8,45,67,0.0,19.4,22.0,17.0,43.0,21.0,9.0,20.0,74.0,14
25373,1,396920,7,56703,2.1,7,3,42.9,100.0,1.0,7.0,1.0,1.0,3.0,1.0,4.0,24
25367,1,1361640,21,64840,2.0,11,10,14.3,30.0,3.0,7.0,9.0,2.0,1.0,5.0,16.0,24
25366,1,4306806,44,97882,1.1,28,21,27.3,28.6,17.0,4.0,11.0,12.0,8.0,7.0,29.0,13
30657,1,1710000,7,244286,1.3,7,5,14.3,20.0,1.0,5.0,1.0,1.0,5.0,1.0,2.0,6
30688,1,2316724,85,27256,1.4,35,27,3.5,81.5,15.0,16.0,31.0,23.0,13.0,35.0,37.0,14
25336,1,159000,1,159000,3.0,1,1,0.0,100.0,1.0,1.0,1.0,1.0,1.0,1.0,2.0,24
25322,1,1143000,7,163286,1.6,5,3,28.6,100.0,1.0,6.0,1.0,1.0,1.0,1.0,6.0,22
25317,1,1641774,24,68407,1.6,19,7,8.3,14.3,2.0,1.0,7.0,14.0,2.0,2.0,20.0,6
30719,1,4653614,66,70509,1.8,26,41,27.3,26.8,15.0,21.0,19.0,11.0,23.0,1.0,43.0,24
25291,1,9055544,78,116097,1.0,44,37,12.8,29.7,21.0,29.0,10.0,18.0,12.0,16.0,50.0,14
25235,1,9198920,43,213928,1.2,28,14,9.3,42.9,11.0,13.0,19.0,1.0,21.0,1.0,21.0,13
25232,1,6561265,66,99413,1.5,27,41,9.1,39.0,15.0,17.0,10.0,24.0,12.0,10.0,44.0,14
25201,1,265000,3,88333,2.3,1,3,0.0,33.3,1.0,1.0,1.0,1.0,1.0,1.0,2.0,24
30807,1,474000,10,47400,1.8,7,7,0.0,71.4,5.0,4.0,1.0,1.0,1.0,1.0,8.0,22
29934,1,4712734,117,40280,1.5,42,60,2.6,15.0,24.0,26.0,36.0,31.0,10.0,8.0,99.0,14
26797,1,18781568,115,163318,1.9,68,42,20.0,26.2,22.0,27.0,62.0,4.0,36.0,1.0,79.0,9
33903,1,4793546,62,77315,1.7,25,26,4.8,19.2,19.0,7.0,15.0,21.0,24.0,8.0,30.0,14
27921,1,974600,16,60912,1.9,12,5,0.0,60.0,1.0,9.0,1.0,7.0,1.0,8.0,8.0,24
28243,1,1931000,10,193100,1.8,5,5,80.0,20.0,1.0,3.0,3.0,4.0,5.0,4.0,1.0,24
29054,1,3379284,42,80459,2.0,17,37,4.8,35.1,10.0,9.0,14.0,9.0,16.0,5.0,21.0,14
29057,1,1544458,63,24515,1.4,25,47,1.6,25.5,22.0,30.0,3.0,8.0,6.0,48.0,9.0,14
29064,1,4441901,52,85421,1.9,36,28,5.8,46.4,14.0,11.0,5.0,22.0,4.0,21.0,27.0,13
28129,1,13541888,367,36899,1.2,109,90,5.7,12.2,81.0,84.0,97.0,105.0,147.0,1.0,219.0,14
29068,1,1664900,12,138742,1.2,8,8,16.7,12.5,9.0,2.0,1.0,1.0,1.0,8.0,4.0,13
28087,1,1375789,17,80929,2.1,8,10,17.6,20.0,5.0,1.0,2.0,10.0,1.0,9.0,8.0,14
29076,1,3236046,49,66042,2.1,29,23,2.0,30.4,10.0,14.0,14.0,11.0,2.0,9.0,38.0,14
29081,1,377120,7,53874,1.6,6,2,28.6,100.0,1.0,2.0,1.0,5.0,4.0,1.0,3.0,14
29086,1,294000,4,73500,2.0,4,4,25.0,0.0,2.0,1.0,2.0,1.0,3.0,1.0,1.0,24
29111,1,1826100,9,202900,2.8,8,4,11.1,50.0,9.0,1.0,1.0,1.0,2.0,3.0,4.0,19
27966,1,380800,4,95200,2.0,4,3,0.0,33.3,1.0,1.0,2.0,2.0,1.0,1.0,4.0,13
27922,1,3408501,41,83134,1.6,14,16,29.3,43.8,7.0,4.0,12.0,18.0,7.0,5.0,29.0,14
27896,1,626657,22,28484,1.6,9,17,13.6,5.9,6.0,1.0,5.0,10.0,3.0,1.0,18.0,14
27693,1,54000,1,54000,1.0,1,1,100.0,0.0,1.0,1.0,1.0,1.0,1.0,1.0,2.0,24
27885,1,1727362,40,43184,1.0,19,31,10.0,25.8,7.0,1.0,14.0,18.0,23.0,1.0,17.0,14
29186,1,3374000,6,562333,1.3,5,3,16.7,0.0,1.0,3.0,1.0,2.0,1.0,2.0,4.0,0
27859,1,3741207,68,55018,1.9,32,36,22.1,25.0,27.0,9.0,16.0,16.0,27.0,9.0,32.0,13
27849,1,1360500,24,56688,1.5,16,7,8.3,28.6,1.0,3.0,6.0,15.0,1.0,4.0,19.0,14
29203,1,6701975,79,84835,2.4,38,48,11.4,4.2,11.0,26.0,31.0,11.0,10.0,30.0,39.0,14
29246,1,1152970,21,54903,1.1,10,11,0.0,45.5,10.0,8.0,2.0,1.0,7.0,1.0,13.0,14
29270,1,31000,1,31000,1.0,1,1,0.0,100.0,1.0,1.0,1.0,1.0,1.0,1.0,1.0,24
29335,1,4199699,131,32059,1.4,50,54,2.3,22.2,40.0,47.0,22.0,22.0,10.0,37.0,84.0,13
27760,1,3679375,95,38730,1.2,30,52,4.2,46.2,36.0,13.0,25.0,21.0,32.0,6.0,57.0,14
27742,1,12759616,179,71283,1.8,42,65,1.1,27.7,51.0,28.0,47.0,53.0,63.0,16.0,100.0,14
29356,1,3040338,69,44063,1.6,29,30,10.1,40.0,23.0,10.0,24.0,12.0,20.0,10.0,39.0,14
27732,1,8740405,51,171380,1.9,34,28,17.6,14.3,11.0,13.0,18.0,9.0,37.0,1.0,14.0,13
27728,1,5230590,65,80471,1.8,21,41,4.6,9.8,15.0,22.0,14.0,14.0,46.0,2.0,17.0,14
29044,1,3469300,33,105130,1.5,24,14,30.3,21.4,1.0,10.0,11.0,11.0,13.0,3.0,17.0,24
28258,1,140000,2,70000,1.0,2,1,50.0,0.0,1.0,1.0,2.0,1.0,1.0,1.0,1.0,24
28275,1,8461300,31,272945,2.7,20,18,48.4,22.2,13.0,11.0,1.0,6.0,12.0,1.0,18.0,24
28285,1,8216959,49,167693,1.9,23,23,34.7,60.9,14.0,15.0,12.0,8.0,9.0,2.0,38.0,14
28786,1,3684942,32,115154,1.8,17,19,0.0,26.3,10.0,6.0,13.0,3.0,9.0,6.0,17.0,14
28802,1,2870300,17,168841,2.6,12,13,17.6,53.8,2.0,7.0,5.0,3.0,1.0,1.0,15.0,24
28838,1,828470,11,75315,2.1,6,7,0.0,0.0,4.0,4.0,1.0,2.0,1.0,2.0,9.0,24
28697,1,2356613,43,54805,1.0,14,24,11.6,16.7,4.0,1.0,12.0,27.0,5.0,1.0,37.0,14
28691,1,888200,19,46747,1.7,15,7,21.1,42.9,1.0,3.0,15.0,1.0,1.0,10.0,9.0,13
28650,1,5339400,43,124172,1.5,29,15,11.6,33.3,14.0,8.0,6.0,15.0,15.0,3.0,25.0,12
28647,1,119000,1,119000,3.0,1,1,0.0,0.0,1.0,1.0,1.0,1.0,1.0,1.0,2.0,24
28641,1,12992927,113,114982,2.0,69,32,8.8,25.0,34.0,24.0,21.0,34.0,33.0,41.0,39.0,3
28634,1,7594600,31,244987,2.3,23,14,29.0,28.6,3.0,6.0,11.0,11.0,10.0,2.0,19.0,13
28612,1,14364253,105,136802,1.8,56,31,12.4,35.5,36.0,14.0,31.0,24.0,62.0,2.0,41.0,13
28603,1,2004528,17,117913,1.0,6,9,11.8,22.2,4.0,4.0,9.0,1.0,1.0,9.0,8.0,14
28579,1,1349141,47,28705,1.6,23,19,2.1,21.1,13.0,6.0,7.0,21.0,25.0,3.0,19.0,9
28577,1,680000,5,136000,2.2,4,4,40.0,0.0,1.0,1.0,3.0,1.0,1.0,1.0,5.0,22
28877,1,1041243,20,52062,1.5,15,15,5.0,53.3,5.0,10.0,2.0,3.0,4.0,4.0,12.0,6
28539,1,6728682,38,177071,1.2,26,17,13.2,52.9,17.0,5.0,5.0,11.0,1.0,18.0,20.0,12
28523,1,4205636,24,175235,2.2,20,12,8.3,66.7,1.0,5.0,8.0,10.0,1.0,15.0,9.0,24
28519,1,1435000,14,102500,2.1,9,11,21.4,18.2,4.0,2.0,7.0,1.0,3.0,4.0,7.0,19
28431,1,7959621,118,67454,1.4,51,67,5.9,31.3,32.0,26.0,36.0,24.0,13.0,20.0,85.0,14
28406,1,4745282,14,338949,2.2,10,8,7.1,25.0,1.0,8.0,5.0,1.0,1.0,1.0,13.0,14
28402,1,8696407,97,89654,1.8,41,55,12.4,25.5,19.0,20.0,31.0,27.0,32.0,4.0,61.0,14
28371,1,2055000,8,256875,3.8,7,5,25.0,20.0,3.0,2.0,3.0,1.0,1.0,1.0,7.0,11
28357,1,1032000,9,114667,1.9,6,5,11.1,60.0,1.0,1.0,6.0,3.0,1.0,2.0,7.0,21
28339,1,3303135,63,52431,1.6,25,27,4.8,70.4,12.0,6.0,14.0,31.0,1.0,42.0,21.0,14
28328,1,7636218,56,136361,2.0,36,38,5.4,28.9,12.0,8.0,17.0,19.0,5.0,9.0,42.0,11
28289,1,5449763,29,187923,1.8,23,21,6.9,42.9,5.0,10.0,9.0,5.0,7.0,5.0,17.0,24
29017,1,10636398,193,55111,2.9,74,74,22.8,25.7,72.0,40.0,45.0,36.0,59.0,27.0,107.0,13
28286,1,1271200,13,97785,2.5,4,5,7.7,20.0,1.0,4.0,9.0,1.0,1.0,1.0,12.0,9
29370,1,4880427,48,101676,2.7,36,30,4.2,10.0,13.0,6.0,14.0,15.0,11.0,1.0,37.0,12
27690,1,2100800,11,190982,1.4,10,7,0.0,14.3,2.0,1.0,1.0,8.0,5.0,4.0,2.0,24
26800,1,761100,12,63425,1.8,9,6,0.0,50.0,3.0,7.0,1.0,2.0,1.0,6.0,5.0,9
29809,1,1421595,14,101542,2.1,11,5,28.6,60.0,9.0,3.0,1.0,2.0,10.0,1.0,4.0,24
29655,1,454500,5,90900,2.2,5,4,0.0,50.0,2.0,3.0,1.0,1.0,1.0,1.0,3.0,13
27225,1,3530400,33,106982,2.5,24,12,3.0,41.7,9.0,7.0,9.0,8.0,1.0,3.0,30.0,9
27202,1,1741014,23,75696,2.1,13,14,34.8,28.6,10.0,3.0,6.0,4.0,2.0,13.0,8.0,12
27193,1,14806140,89,166361,1.8,47,30,9.0,73.3,17.0,22.0,27.0,23.0,1.0,23.0,65.0,19
29697,1,1822033,39,46719,1.5,17,25,20.5,40.0,7.0,14.0,3.0,15.0,11.0,3.0,25.0,14
27179,1,3164632,40,79116,1.2,27,17,27.5,11.8,6.0,12.0,7.0,15.0,33.0,4.0,3.0,9
29730,1,3638900,33,110270,1.7,22,17,9.1,23.5,1.0,6.0,13.0,13.0,7.0,4.0,22.0,13
29732,1,3395050,17,199709,1.2,11,10,17.6,70.0,7.0,1.0,4.0,6.0,4.0,4.0,9.0,24
29736,1,567800,10,56780,2.2,9,9,10.0,22.2,5.0,2.0,3.0,1.0,3.0,3.0,4.0,12
27148,1,13665100,65,210232,2.2,38,13,16.9,23.1,39.0,14.0,3.0,9.0,4.0,9.0,52.0,24
27119,1,648408,10,64841,1.6,6,4,10.0,50.0,2.0,4.0,4.0,1.0,1.0,4.0,6.0,14
29776,1,1727800,17,101635,2.5,7,10,5.9,60.0,1.0,7.0,5.0,4.0,2.0,5.0,10.0,11
27058,1,3867077,74,52258,2.3,5,59,1.4,23.7,22.0,18.0,14.0,20.0,3.0,1.0,70.0,14
27041,1,1546204,27,57267,1.7,10,10,0.0,40.0,7.0,6.0,6.0,8.0,15.0,1.0,12.0,15
29434,1,5556700,27,205804,3.2,15,15,18.5,33.3,5.0,1.0,11.0,10.0,11.0,1.0,16.0,13
27017,1,3492908,59,59202,1.4,30,23,5.1,56.5,4.0,2.0,23.0,30.0,40.0,4.0,15.0,14
27002,1,1806900,9,200767,1.7,9,3,11.1,66.7,8.0,1.0,1.0,1.0,1.0,7.0,2.0,16
27001,1,5201585,51,101992,2.1,19,25,56.9,24.0,17.0,18.0,10.0,6.0,7.0,8.0,36.0,24
29820,1,3406550,67,50844,1.7,30,28,4.5,57.1,14.0,18.0,6.0,29.0,5.0,28.0,34.0,14
26959,1,14536900,82,177279,1.9,35,35,61.0,5.7,32.0,20.0,12.0,18.0,12.0,18.0,52.0,24
26932,1,3672090,22,166913,2.7,14,12,9.1,41.7,7.0,5.0,9.0,1.0,3.0,2.0,17.0,24
29836,1,887700,12,73975,1.5,11,6,33.3,0.0,1.0,4.0,8.0,1.0,6.0,1.0,6.0,24
29875,1,15516700,120,129306,2.0,61,51,11.7,33.3,14.0,14.0,51.0,41.0,28.0,24.0,68.0,24
26900,1,1771900,32,55372,1.4,22,17,3.1,29.4,10.0,11.0,11.0,1.0,2.0,5.0,25.0,6
26861,1,3873380,24,161391,1.2,18,10,20.8,30.0,3.0,7.0,10.0,4.0,6.0,2.0,16.0,13
26838,1,2093560,23,91024,1.9,12,9,4.3,33.3,3.0,9.0,6.0,5.0,15.0,1.0,8.0,13
26812,1,1400420,10,140042,1.8,6,8,10.0,25.0,1.0,1.0,4.0,4.0,2.0,1.0,7.0,15
26806,1,8466220,90,94069,1.0,29,25,25.6,64.0,20.0,20.0,17.0,33.0,59.0,1.0,30.0,11
29653,1,2819977,61,46229,1.7,27,23,24.6,39.1,9.0,7.0,31.0,14.0,31.0,1.0,30.0,13
27269,1,3399502,152,22365,1.4,60,58,2.0,25.9,15.0,48.0,65.0,24.0,44.0,37.0,71.0,14
27270,1,6739317,29,232390,4.4,20,13,44.8,30.8,8.0,6.0,9.0,6.0,5.0,1.0,23.0,8
27274,1,643600,6,107267,1.3,6,3,16.7,33.3,1.0,1.0,3.0,3.0,1.0,1.0,6.0,6
27636,1,12264373,66,185824,2.1,43,35,12.1,25.7,23.0,12.0,14.0,17.0,15.0,14.0,37.0,11
27621,1,356960,7,50994,2.4,6,4,0.0,50.0,1.0,3.0,3.0,1.0,1.0,3.0,4.0,13
27560,1,8439500,36,234431,4.3,27,22,33.3,40.9,8.0,13.0,11.0,4.0,9.0,1.0,27.0,24
27557,1,585008,16,36563,1.4,13,5,0.0,60.0,2.0,1.0,12.0,2.0,1.0,3.0,13.0,12
27540,1,1425500,12,118792,1.3,7,5,0.0,40.0,1.0,1.0,8.0,4.0,3.0,1.0,9.0,19
29503,1,6403192,69,92800,1.8,40,25,13.0,16.0,20.0,16.0,9.0,24.0,19.0,1.0,49.0,24
27532,1,1691212,27,62637,1.6,17,14,25.9,35.7,1.0,12.0,8.0,6.0,1.0,4.0,22.0,24
29522,1,6855019,55,124637,1.1,30,31,18.2,45.2,12.0,7.0,15.0,21.0,40.0,3.0,12.0,14
27511,1,10049006,64,157016,1.9,27,34,20.3,14.7,25.0,13.0,20.0,6.0,27.0,2.0,35.0,24
29524,1,5070232,63,80480,1.9,32,35,3.2,20.0,10.0,3.0,23.0,27.0,36.0,4.0,23.0,11
29526,1,96000,1,96000,3.0,1,1,0.0,0.0,1.0,1.0,1.0,1.0,1.0,1.0,2.0,24
27450,1,2204377,31,71109,1.2,20,13,0.0,69.2,8.0,15.0,7.0,1.0,17.0,5.0,9.0,14
27439,1,1574000,13,121077,1.5,10,7,23.1,28.6,3.0,2.0,6.0,2.0,2.0,7.0,4.0,21
29567,1,12677328,144,88037,2.1,42,69,2.8,29.0,31.0,27.0,52.0,34.0,51.0,17.0,76.0,14
29572,1,7628762,114,66919,1.6,49,38,5.3,23.7,25.0,16.0,32.0,41.0,47.0,1.0,67.0,12
27413,1,1178371,4,294593,4.0,4,1,50.0,100.0,1.0,4.0,1.0,1.0,1.0,2.0,2.0,8
27410,1,770000,4,192500,2.5,3,3,75.0,66.7,1.0,1.0,1.0,3.0,2.0,1.0,2.0,22
27405,1,260000,1,260000,3.0,1,1,100.0,100.0,1.0,1.0,1.0,1.0,1.0,1.0,2.0,24
27390,1,6919265,40,172982,1.6,26,21,15.0,23.8,7.0,16.0,8.0,9.0,14.0,6.0,20.0,24
27389,1,6190688,94,65858,2.8,49,42,0.0,16.7,17.0,33.0,30.0,14.0,20.0,3.0,71.0,9
29603,1,942591,27,34911,1.2,14,20,3.7,20.0,10.0,5.0,4.0,8.0,25.0,1.0,2.0,14
27362,1,1216188,16,76012,1.8,11,12,6.2,8.3,4.0,2.0,5.0,5.0,4.0,1.0,12.0,14
29619,1,2277437,43,52964,1.9,22,24,9.3,45.8,12.0,11.0,14.0,6.0,5.0,21.0,17.0,24
29620,1,221560,10,22156,1.0,8,4,0.0,50.0,1.0,9.0,1.0,1.0,5.0,1.0,5.0,6
27326,1,1072520,25,42901,2.3,20,15,24.0,33.3,6.0,3.0,6.0,10.0,8.0,3.0,14.0,13
27294,1,2211289,60,36855,1.6,36,31,3.3,22.6,17.0,7.0,9.0,27.0,29.0,1.0,30.0,14
27282,1,1856731,27,68768,2.0,17,16,11.1,18.8,10.0,4.0,5.0,8.0,16.0,1.0,10.0,14
24583,1,7591228,39,194647,1.7,20,22,20.5,31.8,14.0,16.0,9.0,1.0,2.0,16.0,21.0,14
24571,1,4322339,91,47498,1.6,41,40,3.3,52.5,16.0,28.0,21.0,26.0,83.0,1.0,8.0,14
31224,1,1333265,36,37035,1.3,22,25,16.7,12.0,6.0,9.0,11.0,10.0,14.0,1.0,21.0,24
32980,1,315401,8,39425,1.0,7,3,25.0,33.3,1.0,1.0,1.0,8.0,1.0,3.0,5.0,14
21918,1,221932,5,44386,1.0,4,3,20.0,33.3,1.0,1.0,1.0,5.0,2.0,1.0,3.0,14
32849,1,1518036,20,75902,2.1,13,11,5.0,36.4,7.0,4.0,6.0,3.0,3.0,6.0,11.0,14
21898,1,4884200,32,152631,2.2,25,17,15.6,58.8,15.0,3.0,2.0,12.0,4.0,7.0,21.0,12
32856,1,21049948,98,214795,1.2,24,30,28.6,66.7,31.0,31.0,22.0,14.0,4.0,23.0,71.0,14
21865,1,3551674,81,43848,1.7,43,43,13.6,27.9,10.0,14.0,31.0,26.0,52.0,6.0,23.0,19
32861,1,9986344,99,100872,1.5,42,53,3.0,35.8,42.0,21.0,5.0,31.0,23.0,4.0,72.0,14
21763,1,769200,12,64100,1.7,12,6,25.0,16.7,3.0,1.0,4.0,4.0,2.0,1.0,10.0,24
32912,1,1645400,18,91411,2.0,9,10,22.2,10.0,6.0,6.0,6.0,1.0,5.0,1.0,12.0,24
21743,1,1217300,38,32034,1.6,22,18,7.9,11.1,6.0,10.0,2.0,20.0,10.0,1.0,28.0,11
21702,1,1632100,15,108807,1.7,7,5,53.3,40.0,3.0,12.0,1.0,1.0,1.0,2.0,13.0,24
32946,1,8192417,137,59799,1.5,41,78,9.5,43.6,39.0,37.0,32.0,29.0,55.0,12.0,70.0,14
32948,1,459400,4,114850,1.5,2,2,0.0,50.0,1.0,1.0,1.0,3.0,3.0,1.0,1.0,24
21594,1,530800,4,132700,2.0,4,3,25.0,0.0,2.0,1.0,1.0,1.0,1.0,1.0,3.0,24
21528,1,6759900,15,450660,3.5,15,10,13.3,60.0,6.0,1.0,4.0,5.0,1.0,7.0,8.0,12
21243,1,23759745,302,78675,1.5,104,135,9.6,35.6,42.0,68.0,71.0,121.0,33.0,90.0,179.0,14
21513,1,3252527,53,61368,1.3,25,26,11.3,15.4,8.0,13.0,12.0,20.0,13.0,7.0,33.0,13
21504,1,6729140,59,114053,1.0,28,40,15.3,25.0,29.0,21.0,3.0,6.0,22.0,1.0,37.0,14
21490,1,1632100,8,204012,1.5,6,6,0.0,66.7,2.0,4.0,2.0,1.0,1.0,1.0,7.0,9
21489,1,3522166,99,35577,1.3,38,44,8.1,27.3,24.0,32.0,36.0,7.0,2.0,16.0,81.0,14
21488,1,108000,1,108000,3.0,1,1,100.0,100.0,1.0,1.0,1.0,1.0,1.0,1.0,1.0,24
21480,1,702672,8,87834,1.8,4,6,0.0,83.3,3.0,5.0,1.0,1.0,1.0,2.0,5.0,14
33019,1,1868120,16,116758,3.0,2,7,75.0,71.4,5.0,3.0,7.0,1.0,5.0,2.0,9.0,24
21378,1,5029657,95,52944,1.8,44,45,10.5,33.3,21.0,25.0,24.0,25.0,4.0,44.0,47.0,12
21331,1,365200,3,121733,2.3,2,2,100.0,50.0,1.0,1.0,1.0,2.0,2.0,1.0,2.0,24
33103,1,759160,15,50611,1.8,10,6,33.3,50.0,1.0,6.0,8.0,1.0,8.0,1.0,6.0,24
33131,1,5625486,41,137207,2.2,28,20,22.0,45.0,5.0,15.0,7.0,14.0,10.0,6.0,25.0,9
33154,1,738262,20,36913,1.4,13,14,5.0,28.6,5.0,3.0,1.0,11.0,6.0,1.0,13.0,13
33206,1,4926664,64,76979,1.5,35,31,3.1,83.9,21.0,17.0,11.0,15.0,1.0,13.0,51.0,12
21935,1,600391,20,30020,1.3,10,9,5.0,0.0,4.0,7.0,4.0,5.0,1.0,10.0,10.0,14
32844,1,174552,4,43638,2.0,4,3,0.0,0.0,1.0,1.0,3.0,1.0,2.0,1.0,2.0,17
21955,1,1185400,11,107764,2.5,8,4,9.1,25.0,1.0,1.0,11.0,1.0,6.0,1.0,5.0,19
32749,1,891300,9,99033,1.2,9,5,11.1,40.0,2.0,1.0,3.0,3.0,1.0,3.0,6.0,9
22459,1,461900,24,19246,1.1,14,12,4.2,41.7,4.0,5.0,7.0,8.0,1.0,3.0,21.0,13
22426,1,6871446,117,58730,2.0,52,53,12.0,39.6,30.0,39.0,28.0,20.0,6.0,20.0,91.0,14
22409,1,894200,8,111775,2.2,6,4,12.5,25.0,5.0,1.0,1.0,2.0,6.0,1.0,2.0,16
22397,1,3284466,39,84217,1.9,19,21,7.7,28.6,9.0,9.0,6.0,15.0,8.0,2.0,29.0,14
32632,1,3807476,40,95187,1.9,25,20,25.0,45.0,13.0,5.0,12.0,10.0,26.0,1.0,13.0,13
32633,1,6875896,113,60849,3.9,45,36,4.4,44.4,22.0,20.0,42.0,29.0,30.0,37.0,46.0,10
32635,1,593000,3,197667,2.3,3,3,66.7,33.3,1.0,3.0,1.0,1.0,2.0,1.0,1.0,22
22358,1,11136957,83,134180,2.1,49,24,12.0,41.7,16.0,22.0,22.0,23.0,26.0,21.0,36.0,13
22345,1,364000,4,91000,2.5,4,2,50.0,100.0,2.0,1.0,1.0,2.0,1.0,1.0,4.0,24
22344,1,1806597,20,90330,1.8,10,12,5.0,66.7,7.0,2.0,7.0,4.0,1.0,4.0,15.0,14
32646,1,5221899,124,42112,1.5,27,77,5.6,13.0,28.0,28.0,32.0,36.0,79.0,3.0,42.0,14
32662,1,348000,5,69600,2.2,3,2,20.0,50.0,1.0,1.0,4.0,1.0,1.0,3.0,1.0,7
22294,1,1928068,26,74156,1.2,18,13,11.5,15.4,3.0,12.0,10.0,1.0,12.0,1.0,14.0,14
22263,1,35000,1,35000,1.0,1,1,0.0,100.0,1.0,1.0,1.0,1.0,1.0,1.0,1.0,24
22227,1,1617322,20,80866,1.3,15,12,10.0,50.0,9.0,3.0,1.0,7.0,2.0,9.0,9.0,14
32676,1,3620092,43,84188,1.4,16,19,11.6,52.6,20.0,4.0,7.0,12.0,8.0,15.0,20.0,14
22211,1,3205200,20,160260,1.9,19,9,15.0,55.6,12.0,1.0,6.0,2.0,6.0,1.0,14.0,13
32705,1,246800,2,123400,2.0,2,2,100.0,0.0,1.0,1.0,1.0,1.0,1.0,1.0,1.0,4
22164,1,4988020,39,127898,2.3,27,20,15.4,40.0,10.0,14.0,10.0,5.0,23.0,1.0,16.0,19
22163,1,9287500,23,403804,1.1,19,6,4.3,50.0,2.0,1.0,3.0,18.0,12.0,1.0,11.0,13
22115,1,4399800,50,87996,1.8,27,24,10.0,25.0,14.0,15.0,13.0,8.0,13.0,11.0,26.0,21
22114,1,882400,21,42019,2.3,15,8,28.6,0.0,6.0,1.0,8.0,7.0,1.0,17.0,4.0,4
32724,1,465000,8,58125,2.8,5,7,12.5,57.1,1.0,4.0,1.0,2.0,3.0,1.0,5.0,16
22101,1,4714591,107,44062,1.0,25,53,6.5,39.6,35.0,18.0,34.0,20.0,29.0,17.0,61.0,14
22094,1,6370668,49,130014,2.6,30,38,22.4,42.1,11.0,12.0,18.0,8.0,5.0,12.0,32.0,24
22070,1,1231380,17,72434,2.1,13,9,23.5,44.4,1.0,10.0,5.0,1.0,1.0,3.0,14.0,8
22064,1,7053609,171,41249,2.0,36,56,2.9,19.6,47.0,42.0,35.0,47.0,60.0,32.0,79.0,13
33207,1,5545891,64,86655,2.0,35,39,6.2,25.6,15.0,29.0,8.0,12.0,4.0,28.0,32.0,14
21240,1,3805605,67,56800,1.5,28,35,4.5,22.9,37.0,7.0,19.0,4.0,35.0,2.0,30.0,14
31235,1,2559296,69,37091,1.1,25,27,7.2,44.4,3.0,12.0,22.0,32.0,6.0,33.0,30.0,14
33741,1,377195,9,41911,1.0,6,4,33.3,0.0,4.0,1.0,3.0,2.0,5.0,2.0,2.0,14
20602,1,146000,2,73000,2.0,2,2,0.0,100.0,1.0,1.0,1.0,1.0,1.0,1.0,1.0,10
20510,1,4153200,22,188782,2.7,21,8,4.5,50.0,3.0,5.0,9.0,5.0,1.0,2.0,19.0,10
33625,1,6252902,90,69477,1.3,30,63,11.1,41.3,39.0,17.0,16.0,18.0,10.0,38.0,42.0,14
20495,1,1134000,3,378000,3.0,2,2,100.0,0.0,1.0,1.0,2.0,1.0,1.0,1.0,3.0,24
33631,1,2232787,24,93033,1.7,9,17,0.0,35.3,9.0,1.0,1.0,15.0,1.0,17.0,7.0,14
33645,1,115000,3,38333,1.0,1,1,100.0,100.0,1.0,1.0,1.0,3.0,3.0,1.0,2.0,24
20471,1,1568300,20,78415,1.7,18,11,15.0,72.7,5.0,1.0,12.0,2.0,4.0,1.0,15.0,7
33654,1,1464554,32,45767,1.6,18,17,9.4,23.5,7.0,11.0,14.0,1.0,17.0,1.0,15.0,14
33663,1,11306006,64,176656,2.4,40,23,20.3,26.1,24.0,20.0,6.0,14.0,39.0,5.0,20.0,13
20398,1,513400,6,85567,2.0,6,4,16.7,50.0,1.0,1.0,6.0,1.0,3.0,1.0,3.0,9
20393,1,2143604,39,54964,1.6,20,22,12.8,18.2,10.0,9.0,15.0,5.0,8.0,1.0,30.0,13
20346,1,6119979,47,130212,1.6,31,22,6.4,36.4,17.0,11.0,3.0,16.0,19.0,2.0,26.0,5
33729,1,904600,12,75383,2.0,10,7,8.3,14.3,3.0,2.0,5.0,2.0,1.0,1.0,12.0,11
33753,1,5864476,51,114990,1.5,20,30,3.9,46.7,16.0,9.0,10.0,16.0,10.0,12.0,29.0,14
21197,1,5266300,8,658288,2.2,8,7,37.5,42.9,1.0,1.0,2.0,5.0,2.0,1.0,5.0,1
33775,1,69469490,169,411062,1.8,72,65,40.2,49.2,55.0,22.0,41.0,51.0,5.0,37.0,127.0,8
20256,1,5826000,19,306632,1.2,12,10,21.1,40.0,1.0,4.0,9.0,6.0,1.0,4.0,14.0,24
33787,1,10961100,111,98749,2.1,42,26,13.5,38.5,36.0,5.0,37.0,33.0,27.0,7.0,77.0,24
20235,1,1615500,5,323100,1.8,5,5,20.0,0.0,1.0,1.0,1.0,3.0,1.0,2.0,2.0,9
33830,1,1553025,28,55465,1.6,22,16,3.6,18.8,6.0,5.0,10.0,7.0,5.0,1.0,22.0,14
20197,1,11709565,71,164923,1.8,29,39,18.3,28.2,24.0,7.0,16.0,24.0,9.0,19.0,43.0,14
20186,1,1080000,5,216000,1.8,3,3,20.0,33.3,2.0,1.0,1.0,3.0,1.0,1.0,5.0,15
20156,1,2299680,60,38328,1.1,29,30,8.3,46.7,21.0,4.0,22.0,13.0,1.0,27.0,32.0,13
33848,1,13898183,57,243828,2.4,31,31,1.8,38.7,9.0,12.0,15.0,21.0,7.0,8.0,42.0,14
20074,1,70000,1,70000,1.0,1,1,0.0,100.0,1.0,1.0,1.0,1.0,1.0,1.0,1.0,24
20065,1,389000,10,38900,1.0,7,5,50.0,40.0,3.0,1.0,5.0,2.0,1.0,3.0,7.0,22
20053,1,4043200,13,311015,1.2,11,8,23.1,50.0,4.0,5.0,4.0,1.0,2.0,9.0,2.0,21
20043,1,1117290,17,65723,2.3,13,9,23.5,22.2,3.0,9.0,5.0,1.0,1.0,1.0,15.0,24
20609,1,3400925,52,65402,2.1,19,19,1.9,42.1,19.0,15.0,3.0,15.0,2.0,18.0,32.0,13
33600,1,3237637,77,42047,1.8,38,48,11.7,33.3,16.0,25.0,19.0,17.0,17.0,7.0,53.0,11
20618,1,4257800,42,101376,2.1,27,19,19.0,15.8,14.0,10.0,11.0,7.0,19.0,1.0,22.0,13
33588,1,2994200,13,230323,2.9,10,5,7.7,20.0,5.0,6.0,1.0,2.0,1.0,3.0,10.0,9
21188,1,20442443,175,116814,2.6,71,78,9.7,19.2,52.0,40.0,42.0,41.0,24.0,48.0,103.0,14
33221,1,593919,6,98986,1.0,6,5,16.7,100.0,3.0,1.0,2.0,1.0,1.0,1.0,6.0,24
33248,1,1689800,13,129985,1.6,9,8,15.4,62.5,1.0,8.0,1.0,4.0,1.0,7.0,6.0,14
21118,1,3822350,78,49004,1.1,36,46,6.4,37.0,18.0,26.0,23.0,11.0,31.0,6.0,41.0,13
21085,1,420000,3,140000,2.3,3,3,33.3,100.0,1.0,3.0,1.0,1.0,1.0,1.0,2.0,21
21068,1,1486360,9,165151,1.0,8,4,22.2,75.0,4.0,1.0,1.0,4.0,6.0,1.0,3.0,13
33265,1,783000,12,65250,1.0,9,7,25.0,28.6,1.0,2.0,3.0,7.0,4.0,1.0,8.0,10
33288,1,554000,6,92333,1.0,5,3,16.7,33.3,1.0,4.0,1.0,1.0,1.0,1.0,5.0,13
33342,1,617000,3,205667,1.0,3,2,33.3,100.0,1.0,1.0,1.0,2.0,1.0,1.0,3.0,16
20968,1,847200,7,121029,2.1,6,6,14.3,50.0,1.0,2.0,4.0,1.0,2.0,1.0,4.0,12
20943,1,1189700,10,118970,2.2,9,8,0.0,12.5,3.0,1.0,2.0,4.0,1.0,8.0,2.0,11
20942,1,5469570,69,79269,1.6,28,39,10.1,46.2,21.0,13.0,20.0,15.0,8.0,20.0,41.0,14
33354,1,1773810,26,68223,2.3,17,9,3.8,44.4,1.0,10.0,10.0,5.0,15.0,2.0,9.0,9
33415,1,10139800,82,123656,2.3,46,33,22.0,39.4,11.0,21.0,17.0,33.0,27.0,1.0,55.0,9
20877,1,2106100,19,110847,1.8,10,12,10.5,50.0,3.0,8.0,6.0,2.0,2.0,5.0,12.0,24
33438,1,6163615,69,89328,2.2,40,37,4.3,24.3,27.0,5.0,17.0,20.0,37.0,2.0,30.0,14
33462,1,9091938,120,75766,1.4,39,75,10.8,21.3,37.0,31.0,24.0,28.0,54.0,13.0,53.0,14
33501,1,469258,12,39105,1.7,8,7,0.0,14.3,3.0,1.0,1.0,8.0,1.0,1.0,11.0,14
33510,1,1551390,22,70518,1.8,11,9,22.7,55.6,3.0,9.0,4.0,6.0,10.0,3.0,9.0,24
20796,1,9294508,132,70413,1.1,53,40,15.2,22.5,35.0,32.0,28.0,37.0,11.0,25.0,96.0,13
20795,1,685583,14,48970,1.3,12,9,21.4,55.6,3.0,3.0,6.0,2.0,1.0,5.0,9.0,24
20767,1,1169520,15,77968,1.5,7,10,0.0,40.0,4.0,2.0,2.0,7.0,1.0,2.0,13.0,13
33523,1,698506,11,63501,1.7,5,5,9.1,0.0,1.0,1.0,9.0,1.0,2.0,1.0,9.0,12
20743,1,1019670,20,50984,1.6,15,13,5.0,7.7,8.0,4.0,2.0,6.0,5.0,3.0,12.0,12
20684,1,1236670,39,31709,1.2,15,16,5.1,43.8,16.0,12.0,4.0,7.0,19.0,8.0,12.0,13
20646,1,763200,9,84800,1.1,7,7,11.1,85.7,1.0,6.0,3.0,1.0,1.0,1.0,8.0,14
20628,1,707290,10,70729,1.8,6,5,20.0,20.0,1.0,1.0,10.0,1.0,7.0,1.0,3.0,13
22467,1,5259170,83,63363,1.1,53,39,8.4,20.5,31.0,13.0,23.0,16.0,26.0,1.0,56.0,13
22468,1,666700,6,111117,2.3,5,4,0.0,50.0,1.0,4.0,1.0,1.0,1.0,3.0,3.0,11
22504,1,3889585,71,54783,1.4,26,36,2.8,27.8,15.0,19.0,8.0,29.0,14.0,18.0,39.0,13
23794,1,6315420,11,574129,2.9,11,6,36.4,100.0,5.0,1.0,2.0,4.0,1.0,7.0,4.0,8
31490,1,17299870,239,72384,2.1,69,81,10.9,21.0,52.0,56.0,53.0,78.0,88.0,3.0,148.0,14
24047,1,1076416,11,97856,2.3,5,7,0.0,14.3,2.0,1.0,1.0,7.0,1.0,1.0,10.0,14
31567,1,12027300,34,353744,1.1,25,15,23.5,33.3,15.0,10.0,7.0,2.0,4.0,1.0,29.0,13
23971,1,1079702,31,34829,1.2,23,12,0.0,41.7,8.0,9.0,10.0,4.0,3.0,4.0,24.0,13
31618,1,5579789,62,89997,2.0,39,37,14.5,18.9,14.0,18.0,14.0,16.0,37.0,2.0,23.0,24
31625,1,278800,6,46467,1.7,5,4,33.3,25.0,1.0,3.0,1.0,3.0,3.0,1.0,2.0,9
31695,1,2141657,23,93116,1.6,16,9,34.8,33.3,4.0,10.0,1.0,8.0,2.0,6.0,15.0,24
23878,1,1002470,17,58969,1.1,10,8,5.9,25.0,8.0,3.0,2.0,4.0,6.0,1.0,11.0,14
31704,1,1660877,15,110725,1.7,8,7,26.7,28.6,5.0,5.0,2.0,3.0,1.0,10.0,5.0,14
31718,1,910620,12,75885,1.8,8,7,8.3,42.9,5.0,1.0,3.0,4.0,2.0,4.0,6.0,24
23825,1,3455890,42,82283,2.2,28,20,23.8,30.0,5.0,19.0,11.0,7.0,2.0,8.0,32.0,24
23818,1,2658743,39,68173,1.4,25,20,17.9,20.0,2.0,2.0,6.0,29.0,11.0,4.0,24.0,14
23797,1,1898700,13,146054,2.2,12,6,15.4,50.0,10.0,1.0,1.0,3.0,3.0,2.0,8.0,22
23751,1,7451364,127,58672,1.9,47,50,13.4,38.0,42.0,14.0,33.0,38.0,10.0,8.0,109.0,14
32539,1,3109700,21,148081,2.0,18,10,0.0,30.0,5.0,1.0,10.0,6.0,7.0,1.0,14.0,13
23745,1,1849893,21,88090,1.4,11,18,4.8,55.6,1.0,3.0,8.0,9.0,1.0,6.0,15.0,14
23724,1,360790,6,60132,2.0,6,3,0.0,0.0,4.0,1.0,2.0,1.0,1.0,1.0,6.0,13
23707,1,473141,22,21506,1.0,7,17,0.0,5.9,5.0,14.0,2.0,1.0,3.0,12.0,7.0,14
31801,1,1348920,23,58649,2.7,14,14,0.0,35.7,5.0,5.0,6.0,7.0,4.0,1.0,18.0,9
23668,1,339000,7,48429,1.0,4,2,71.4,0.0,6.0,1.0,1.0,1.0,1.0,1.0,7.0,17
31848,1,5122242,26,197009,1.1,17,6,23.1,16.7,1.0,1.0,13.0,12.0,24.0,1.0,1.0,9
31862,1,1513370,42,36033,1.7,24,18,2.4,38.9,6.0,13.0,8.0,15.0,24.0,1.0,18.0,13
23626,1,163000,2,81500,2.0,2,2,100.0,100.0,1.0,1.0,1.0,2.0,1.0,1.0,1.0,8
23595,1,280560,8,35070,1.2,7,4,0.0,50.0,1.0,3.0,1.0,4.0,1.0,2.0,6.0,3
23541,1,2161000,21,102905,2.6,9,11,4.8,72.7,11.0,1.0,6.0,3.0,5.0,2.0,14.0,19
23527,1,95000,2,47500,1.0,2,1,0.0,100.0,2.0,1.0,1.0,1.0,1.0,1.0,2.0,22
23506,1,3024000,15,201600,1.1,12,12,33.3,33.3,8.0,3.0,3.0,1.0,5.0,4.0,6.0,8
23483,1,624700,6,104117,2.7,5,4,33.3,25.0,1.0,1.0,3.0,2.0,1.0,1.0,5.0,8
31478,1,1858724,75,24783,1.4,35,38,6.7,31.6,12.0,49.0,14.0,1.0,11.0,33.0,31.0,9
24069,1,835298,16,52206,1.1,12,11,12.5,36.4,5.0,1.0,3.0,7.0,12.0,1.0,3.0,13
24108,1,1869529,17,109972,1.9,10,13,11.8,53.8,3.0,7.0,4.0,3.0,3.0,9.0,5.0,14
31451,1,30269444,162,186848,3.3,73,62,25.9,33.9,66.0,24.0,16.0,56.0,16.0,47.0,99.0,8
24548,1,6061549,177,34246,1.3,72,79,1.7,30.4,17.0,66.0,58.0,36.0,48.0,20.0,109.0,13
31236,1,2300806,47,48953,1.4,33,32,4.3,28.1,8.0,12.0,7.0,20.0,12.0,11.0,24.0,9
24537,1,6562866,53,123828,2.1,37,18,9.4,33.3,1.0,1.0,24.0,28.0,6.0,18.0,29.0,13
24529,1,1228119,20,61406,1.7,13,13,25.0,7.7,2.0,9.0,1.0,8.0,1.0,1.0,19.0,24
31239,1,2258198,72,31364,2.3,25,27,1.4,33.3,2.0,28.0,31.0,11.0,10.0,11.0,51.0,13
24493,1,12900899,155,83232,1.2,52,80,12.9,28.7,45.0,37.0,34.0,39.0,23.0,40.0,92.0,14
24476,1,78000,3,26000,1.7,1,1,100.0,100.0,3.0,1.0,1.0,1.0,1.0,2.0,1.0,24
24466,1,1990583,43,46293,1.0,19,29,9.3,24.1,10.0,6.0,9.0,18.0,13.0,7.0,23.0,14
24453,1,720513,21,34310,1.5,15,9,4.8,33.3,3.0,1.0,7.0,11.0,10.0,2.0,9.0,13
31247,1,7198100,52,138425,1.7,31,32,30.8,28.1,17.0,8.0,10.0,17.0,34.0,1.0,18.0,24
31250,1,20113824,217,92690,1.8,66,93,13.8,26.9,83.0,50.0,40.0,44.0,112.0,5.0,100.0,13
24436,1,2867673,64,44807,1.5,34,35,29.7,51.4,15.0,16.0,19.0,14.0,27.0,5.0,32.0,24
24434,1,1634940,16,102184,3.2,14,8,12.5,62.5,4.0,11.0,1.0,1.0,7.0,1.0,8.0,22
24414,1,1438300,29,49597,1.9,12,17,20.7,47.1,3.0,10.0,11.0,5.0,1.0,4.0,24.0,12
24394,1,214721,10,21472,1.2,3,8,10.0,12.5,2.0,2.0,1.0,6.0,2.0,4.0,4.0,14
24383,1,143000,2,71500,1.0,2,1,0.0,100.0,1.0,2.0,1.0,1.0,1.0,2.0,2.0,13
24382,1,544600,6,90767,1.3,4,4,16.7,75.0,2.0,1.0,1.0,3.0,1.0,4.0,2.0,15
31286,1,754800,5,150960,2.2,5,5,0.0,0.0,2.0,1.0,2.0,1.0,5.0,1.0,2.0,10
24311,1,2238160,28,79934,1.0,6,22,78.6,45.5,5.0,5.0,10.0,8.0,14.0,1.0,14.0,24
24292,1,5855500,63,92944,2.3,40,26,17.5,50.0,14.0,22.0,13.0,14.0,33.0,1.0,29.0,13
31318,1,1239211,14,88515,1.3,8,6,0.0,0.0,5.0,3.0,3.0,3.0,1.0,3.0,11.0,24
31353,1,4286205,42,102052,1.6,25,19,11.9,78.9,13.0,6.0,6.0,17.0,10.0,12.0,20.0,14
24200,1,1614510,46,35098,1.6,16,22,0.0,45.5,5.0,4.0,11.0,26.0,11.0,2.0,33.0,14
31371,1,2980651,26,114640,1.0,22,15,15.4,13.3,8.0,7.0,7.0,4.0,8.0,3.0,15.0,12
24188,1,727920,13,55994,1.5,9,7,23.1,42.9,1.0,5.0,4.0,3.0,4.0,3.0,6.0,6
24139,1,144220,4,36055,1.0,4,4,25.0,75.0,1.0,1.0,1.0,3.0,1.0,1.0,3.0,14
24126,1,626160,12,52180,2.0,9,4,16.7,25.0,1.0,1.0,1.0,11.0,2.0,2.0,8.0,13
23479,1,36000,1,36000,1.0,1,1,100.0,100.0,1.0,1.0,1.0,1.0,1.0,1.0,1.0,24
31987,1,475204,11,43200,1.0,5,8,0.0,12.5,1.0,3.0,3.0,5.0,2.0,1.0,9.0,14
31989,1,422400,6,70400,2.0,5,5,16.7,20.0,1.0,2.0,4.0,1.0,1.0,1.0,6.0,3
22949,1,1430400,4,357600,3.0,4,4,75.0,25.0,1.0,1.0,1.0,3.0,1.0,2.0,2.0,8
32344,1,6438771,100,64388,1.6,43,41,5.0,29.3,20.0,29.0,26.0,25.0,17.0,14.0,69.0,14
22872,1,513675,13,39513,1.8,9,8,15.4,25.0,9.0,1.0,1.0,3.0,7.0,1.0,5.0,13
22860,1,76636,12,6386,1.7,6,10,33.3,70.0,1.0,1.0,10.0,1.0,1.0,1.0,11.0,13
32380,1,3198591,44,72695,1.0,30,26,11.4,11.5,13.0,3.0,10.0,18.0,30.0,1.0,14.0,11
22852,1,4092400,31,132013,1.3,21,24,16.1,58.3,4.0,8.0,14.0,5.0,2.0,8.0,21.0,9
22847,1,308000,7,44000,1.9,7,6,0.0,66.7,3.0,1.0,1.0,2.0,1.0,3.0,4.0,22
22829,1,16491109,203,81237,1.1,80,97,10.3,33.0,40.0,42.0,80.0,41.0,6.0,61.0,136.0,13
22797,1,824484,17,48499,1.6,11,15,0.0,20.0,6.0,4.0,3.0,4.0,1.0,1.0,16.0,14
22791,1,833000,10,83300,2.2,10,7,30.0,0.0,5.0,2.0,3.0,1.0,1.0,1.0,9.0,13
32406,1,4391411,40,109785,3.2,26,22,2.5,18.2,12.0,3.0,20.0,5.0,3.0,4.0,33.0,23
22777,1,4619720,30,153991,2.4,23,16,10.0,68.8,1.0,14.0,8.0,8.0,1.0,1.0,28.0,9
32410,1,2448881,45,54420,1.2,21,33,8.9,45.5,9.0,12.0,12.0,12.0,18.0,5.0,22.0,14
22765,1,2287954,13,175996,1.8,12,9,7.7,66.7,6.0,1.0,2.0,5.0,1.0,7.0,6.0,13
22751,1,1158000,10,115800,1.2,9,5,20.0,0.0,6.0,1.0,2.0,2.0,1.0,2.0,8.0,24
22737,1,4009600,20,200480,3.2,14,12,5.0,58.3,7.0,4.0,6.0,3.0,5.0,3.0,12.0,19
32441,1,1345500,11,122318,1.0,11,4,27.3,25.0,4.0,6.0,1.0,1.0,1.0,9.0,2.0,8
22682,1,2372200,20,118610,2.0,15,8,30.0,25.0,9.0,1.0,2.0,9.0,1.0,11.0,9.0,24
32449,1,1463714,26,56297,1.8,16,9,7.7,22.2,11.0,1.0,4.0,11.0,2.0,9.0,15.0,24
32500,1,4222667,35,120648,1.8,19,13,20.0,46.2,11.0,1.0,19.0,5.0,9.0,1.0,25.0,24
22646,1,1395350,15,93023,1.8,12,12,6.7,41.7,1.0,5.0,5.0,4.0,1.0,11.0,4.0,14
32515,1,6463200,71,91031,1.2,37,17,12.7,41.2,12.0,8.0,19.0,32.0,32.0,13.0,26.0,12
22604,1,7917608,103,76870,1.5,29,48,2.9,37.5,1.0,38.0,65.0,1.0,14.0,46.0,43.0,9
22590,1,108000,1,108000,3.0,1,1,0.0,0.0,1.0,1.0,1.0,1.0,1.0,1.0,1.0,24
22554,1,2117212,37,57222,2.1,8,22,8.1,50.0,14.0,13.0,3.0,7.0,8.0,19.0,10.0,14
22539,1,1525595,22,69345,1.6,15,10,9.1,30.0,6.0,9.0,7.0,1.0,2.0,5.0,15.0,14
22518,1,4507040,57,79071,1.2,32,26,8.8,15.4,13.0,18.0,12.0,14.0,15.0,12.0,30.0,13
32520,1,13460108,34,395886,1.9,18,17,11.8,29.4,4.0,8.0,8.0,14.0,10.0,3.0,21.0,14
32319,1,13455472,142,94757,2.1,49,82,12.7,39.0,35.0,34.0,26.0,47.0,26.0,14.0,102.0,14
32309,1,1077300,18,59850,1.1,13,13,0.0,15.4,3.0,2.0,3.0,10.0,1.0,3.0,14.0,12
31995,1,987900,14,70564,1.6,13,9,14.3,55.6,1.0,6.0,2.0,5.0,8.0,1.0,6.0,6
22964,1,1245167,28,44470,1.6,21,16,0.0,31.2,8.0,6.0,8.0,6.0,1.0,17.0,11.0,13
23351,1,9178300,71,129272,2.1,36,42,2.8,38.1,4.0,16.0,17.0,34.0,18.0,2.0,51.0,13
23338,1,928000,2,464000,6.0,2,1,50.0,0.0,1.0,1.0,2.0,1.0,1.0,2.0,2.0,24
23333,1,1193992,20,59700,1.2,13,11,35.0,27.3,4.0,1.0,11.0,5.0,5.0,1.0,14.0,6
23320,1,1231000,4,307750,2.5,4,3,0.0,33.3,2.0,1.0,1.0,1.0,2.0,2.0,2.0,16
32115,1,8653860,70,123627,1.6,39,26,12.9,26.9,11.0,24.0,13.0,22.0,30.0,5.0,35.0,14
23316,1,14391212,133,108205,1.8,44,49,0.8,38.8,28.0,23.0,58.0,24.0,17.0,23.0,93.0,13
32167,1,1634047,54,30260,1.4,16,38,0.0,15.8,22.0,9.0,11.0,12.0,1.0,5.0,48.0,14
32188,1,4243602,50,84872,1.8,30,27,4.0,29.6,15.0,14.0,8.0,13.0,41.0,1.0,9.0,21
32191,1,1010443,17,59438,1.5,11,8,0.0,87.5,3.0,1.0,2.0,12.0,1.0,6.0,10.0,14
23230,1,15000615,269,55764,1.1,62,134,14.5,45.5,71.0,64.0,77.0,57.0,50.0,40.0,179.0,14
32204,1,2347470,18,130415,2.1,12,7,16.7,42.9,2.0,4.0,1.0,12.0,4.0,3.0,11.0,9
23192,1,6311800,38,166100,2.4,11,31,2.6,35.5,4.0,15.0,7.0,12.0,5.0,21.0,12.0,19
32254,1,7701272,78,98734,1.9,38,31,17.9,58.1,20.0,20.0,20.0,18.0,10.0,12.0,56.0,24
23135,1,1236600,16,77288,1.5,12,10,18.8,30.0,3.0,2.0,9.0,2.0,7.0,4.0,5.0,9
23131,1,1577898,12,131492,1.2,11,6,25.0,50.0,3.0,1.0,5.0,4.0,1.0,4.0,8.0,17
23123,1,931510,12,77626,1.5,11,5,16.7,20.0,1.0,1.0,11.0,1.0,1.0,6.0,6.0,6
23122,1,2912630,29,100436,2.2,25,17,17.2,17.6,8.0,10.0,11.0,1.0,1.0,12.0,17.0,19
23121,1,632000,5,126400,2.2,4,3,40.0,33.3,5.0,1.0,1.0,1.0,1.0,1.0,5.0,24
23120,1,549300,9,61033,2.6,7,5,11.1,60.0,1.0,1.0,9.0,1.0,1.0,1.0,8.0,11
23119,1,4018673,60,66978,1.5,26,39,1.7,33.3,15.0,12.0,19.0,14.0,7.0,4.0,49.0,14
32278,1,5790230,39,148467,2.7,21,22,17.9,27.3,17.0,6.0,8.0,8.0,6.0,1.0,33.0,24
32287,1,4582950,33,138877,1.0,24,13,3.0,30.8,3.0,20.0,10.0,1.0,5.0,3.0,25.0,12
23019,1,285000,6,47500,1.3,5,5,0.0,20.0,2.0,3.0,1.0,1.0,1.0,2.0,3.0,13
23012,1,11046894,69,160100,2.0,48,22,11.6,22.7,15.0,15.0,17.0,22.0,13.0,6.0,50.0,13
23010,1,1114400,14,79600,1.9,11,8,14.3,75.0,10.0,2.0,1.0,1.0,2.0,2.0,10.0,13
32288,1,7621163,57,133705,1.6,32,24,15.8,25.0,9.0,14.0,13.0,21.0,8.0,8.0,41.0,14
22980,1,2690700,24,112112,2.6,19,9,8.3,66.7,5.0,2.0,1.0,17.0,12.0,5.0,7.0,11
40667,1,1150738,30,38358,1.4,14,18,13.3,66.7,8.0,10.0,7.0,5.0,4.0,7.0,19.0,14
37684,1,199922,4,49980,1.5,3,4,0.0,75.0,1.0,1.0,3.0,1.0,1.0,2.0,2.0,14
42752,1,879176,31,28361,1.4,12,22,0.0,50.0,9.0,2.0,9.0,11.0,11.0,1.0,19.0,14
46317,1,4577102,59,77578,1.6,22,26,20.3,7.7,11.0,13.0,2.0,33.0,40.0,1.0,19.0,14
42223,1,729656,17,42921,1.5,12,13,5.9,46.2,2.0,3.0,6.0,6.0,2.0,1.0,14.0,14
42229,1,419000,4,104750,2.0,4,3,25.0,33.3,1.0,2.0,2.0,1.0,1.0,1.0,3.0,22
42244,1,6412009,75,85493,2.0,31,36,21.3,33.3,14.0,24.0,15.0,22.0,9.0,10.0,56.0,14
8373,1,220000,2,110000,2.0,2,2,50.0,50.0,1.0,1.0,1.0,1.0,1.0,1.0,1.0,9
48145,1,1635832,47,34805,1.3,17,28,6.4,28.6,3.0,18.0,4.0,22.0,12.0,3.0,32.0,14
48119,1,1239222,24,51634,2.4,9,15,29.2,46.7,1.0,3.0,7.0,14.0,1.0,2.0,21.0,14
44332,1,2094400,18,116356,1.7,13,12,33.3,33.3,1.0,1.0,11.0,6.0,1.0,4.0,14.0,24
46339,1,2461200,28,87900,2.4,15,19,17.9,36.8,11.0,11.0,5.0,1.0,7.0,2.0,19.0,23
8326,1,20346170,93,218776,2.4,54,44,21.5,40.9,24.0,18.0,8.0,43.0,30.0,15.0,48.0,10
44322,1,1521218,39,39006,1.8,21,19,23.1,57.9,12.0,2.0,13.0,12.0,7.0,15.0,17.0,14
48086,1,3488008,16,218000,2.6,9,10,18.8,10.0,8.0,1.0,5.0,2.0,7.0,1.0,9.0,14
46418,1,1580000,18,87778,2.3,9,9,11.1,33.3,2.0,4.0,6.0,6.0,1.0,7.0,11.0,14
44297,1,949848,14,67846,1.4,12,9,0.0,11.1,1.0,7.0,2.0,4.0,1.0,2.0,12.0,14
48046,1,6098169,43,141818,1.9,21,33,4.7,12.1,11.0,10.0,8.0,14.0,18.0,2.0,23.0,14
42329,1,4045800,64,63216,2.4,23,20,4.7,55.0,16.0,8.0,22.0,18.0,27.0,7.0,30.0,21
46337,1,1395339,30,46511,1.2,13,17,40.0,23.5,3.0,12.0,10.0,5.0,11.0,1.0,18.0,24
46329,1,6480544,180,36003,1.2,26,133,8.3,33.8,42.0,51.0,45.0,42.0,79.0,45.0,56.0,14
8424,1,1119000,6,186500,2.3,5,5,0.0,40.0,3.0,1.0,1.0,2.0,1.0,3.0,3.0,16
44359,1,1588000,6,264667,1.3,4,5,66.7,40.0,1.0,2.0,4.0,1.0,1.0,2.0,4.0,9
44379,1,25341230,59,429512,2.1,22,27,45.8,22.2,20.0,12.0,7.0,20.0,41.0,3.0,15.0,8
44367,1,1186000,17,69765,1.8,12,5,17.6,60.0,3.0,11.0,1.0,3.0,1.0,7.0,10.0,24
48209,1,217950,2,108975,2.0,2,1,0.0,0.0,1.0,1.0,1.0,2.0,2.0,1.0,2.0,9
48196,1,2762019,39,70821,1.8,18,22,5.1,31.8,5.0,13.0,10.0,11.0,19.0,1.0,20.0,14
48195,1,32306250,88,367116,1.9,48,45,52.3,42.2,17.0,25.0,25.0,21.0,3.0,34.0,51.0,9
48194,1,6169420,38,162353,2.1,29,26,13.2,34.6,8.0,13.0,7.0,10.0,13.0,1.0,25.0,10
44357,1,3853400,13,296415,1.3,13,4,7.7,50.0,1.0,10.0,1.0,2.0,9.0,1.0,4.0,9
42220,1,668491,10,66849,1.8,6,6,30.0,50.0,5.0,1.0,4.0,1.0,4.0,1.0,6.0,24
48154,1,98000,1,98000,3.0,1,1,100.0,0.0,1.0,1.0,1.0,1.0,1.0,1.0,2.0,24
44353,1,4225617,52,81262,2.4,21,29,15.4,13.8,18.0,12.0,11.0,11.0,7.0,9.0,36.0,16
48152,1,3620500,8,452562,2.0,6,5,25.0,60.0,1.0,7.0,1.0,1.0,1.0,1.0,7.0,5
46325,1,651600,14,46543,2.4,9,7,21.4,0.0,4.0,3.0,4.0,3.0,1.0,5.0,8.0,2
42214,1,14246707,220,64758,2.6,74,93,23.6,30.1,49.0,57.0,58.0,56.0,61.0,12.0,147.0,8
8437,1,1392300,27,51567,1.5,15,10,3.7,30.0,1.0,16.0,2.0,8.0,7.0,1.0,19.0,24
42344,1,4227725,68,62172,1.9,36,36,5.9,25.0,19.0,14.0,9.0,26.0,12.0,3.0,53.0,14
44295,1,213000,6,35500,1.3,5,4,33.3,25.0,1.0,1.0,1.0,5.0,5.0,1.0,1.0,9
47995,1,4903174,53,92513,1.6,17,33,3.8,57.6,25.0,8.0,9.0,11.0,17.0,4.0,32.0,14
3672,1,2272450,20,113622,1.3,14,19,15.0,15.8,5.0,3.0,5.0,7.0,4.0,3.0,13.0,12
44130,1,5206605,39,133503,2.2,24,27,0.0,44.4,7.0,14.0,4.0,14.0,4.0,11.0,24.0,19
42488,1,3595323,37,97171,1.7,16,19,13.5,21.1,11.0,8.0,3.0,15.0,2.0,2.0,33.0,24
47860,1,11330500,82,138177,2.2,45,45,25.6,40.0,28.0,13.0,17.0,24.0,8.0,3.0,71.0,9
42489,1,667800,4,166950,2.0,4,2,0.0,0.0,1.0,1.0,1.0,4.0,1.0,1.0,3.0,3
44106,1,4473253,42,106506,2.5,27,29,11.9,75.9,11.0,13.0,12.0,6.0,3.0,12.0,27.0,14
42493,1,512000,4,128000,1.0,4,2,0.0,100.0,1.0,3.0,1.0,1.0,1.0,1.0,4.0,24
42526,1,613300,7,87614,1.9,7,3,14.3,33.3,6.0,1.0,1.0,1.0,1.0,1.0,5.0,12
42487,1,1095600,14,78257,2.9,9,10,0.0,20.0,2.0,1.0,8.0,4.0,3.0,1.0,11.0,15
3660,1,1608589,9,178732,2.8,9,6,22.2,50.0,3.0,1.0,3.0,3.0,1.0,5.0,4.0,12
47839,1,393500,7,56214,2.9,4,5,0.0,40.0,2.0,3.0,1.0,2.0,1.0,2.0,4.0,24
8060,1,245580,10,24558,1.2,8,5,10.0,20.0,1.0,3.0,1.0,6.0,1.0,4.0,6.0,13
47786,1,982000,4,245500,1.5,4,4,25.0,50.0,1.0,2.0,1.0,1.0,1.0,2.0,2.0,7
44094,1,2920690,19,153721,2.8,11,8,10.5,25.0,1.0,4.0,3.0,12.0,1.0,1.0,18.0,5
3654,1,3320700,37,89749,2.8,23,16,8.1,81.2,10.0,13.0,2.0,12.0,1.0,7.0,30.0,12
46474,1,2702186,12,225182,2.2,8,8,0.0,87.5,3.0,7.0,1.0,2.0,4.0,2.0,6.0,14
42436,1,664500,11,60409,1.5,10,4,27.3,25.0,1.0,2.0,1.0,8.0,6.0,1.0,5.0,24
42347,1,2636836,24,109868,1.0,18,11,12.5,36.4,5.0,11.0,4.0,4.0,11.0,2.0,11.0,11
47957,1,5431902,51,106508,1.5,21,29,21.6,41.4,15.0,11.0,11.0,14.0,35.0,1.0,16.0,14
47981,1,974800,12,81233,2.5,11,9,16.7,22.2,6.0,1.0,3.0,3.0,2.0,4.0,6.0,16
42373,1,4129024,70,58986,2.1,36,39,20.0,28.2,27.0,12.0,10.0,21.0,1.0,26.0,43.0,24
2062,1,333000,3,111000,1.0,3,3,66.7,33.3,1.0,2.0,1.0,1.0,1.0,1.0,2.0,24
6007,1,3779900,12,314992,2.3,11,8,25.0,62.5,3.0,5.0,2.0,2.0,1.0,3.0,9.0,19
44288,1,5922221,77,76912,1.8,36,39,7.8,20.5,21.0,18.0,13.0,25.0,9.0,14.0,54.0,14
47964,1,2374798,15,158320,2.2,9,11,13.3,18.2,3.0,4.0,4.0,4.0,2.0,2.0,11.0,14
8183,1,2005000,16,125312,1.5,11,9,6.2,77.8,6.0,5.0,2.0,3.0,2.0,5.0,9.0,16
3700,1,616200,10,61620,2.4,7,5,10.0,60.0,1.0,4.0,6.0,1.0,5.0,2.0,3.0,19
44276,1,2937020,24,122376,2.4,18,15,25.0,33.3,7.0,2.0,3.0,12.0,3.0,3.0,18.0,24
42392,1,2238492,27,82907,1.9,14,16,7.4,31.2,1.0,1.0,9.0,17.0,1.0,9.0,18.0,14
44249,1,11414698,61,187126,2.7,35,27,18.0,33.3,12.0,12.0,16.0,21.0,6.0,14.0,41.0,5
47938,1,798700,5,159740,1.8,5,4,40.0,50.0,3.0,1.0,1.0,1.0,1.0,1.0,4.0,21
44225,1,2343900,22,106541,2.3,15,10,54.5,20.0,15.0,1.0,1.0,7.0,1.0,2.0,19.0,8
42415,1,23901494,132,181072,2.2,58,55,18.2,30.9,34.0,37.0,27.0,34.0,8.0,10.0,114.0,3
8490,1,3164700,42,75350,2.0,30,30,23.8,50.0,6.0,15.0,9.0,12.0,3.0,9.0,30.0,24
42137,1,3533935,33,107089,1.7,19,18,30.3,38.9,6.0,4.0,13.0,10.0,2.0,6.0,25.0,12
46497,1,1935450,25,77418,2.0,18,16,12.0,31.2,1.0,4.0,11.0,9.0,2.0,4.0,19.0,16
48228,1,4216497,31,136016,3.3,19,12,3.2,33.3,11.0,3.0,13.0,4.0,9.0,2.0,20.0,13
48629,1,12148841,132,92037,1.4,26,73,9.1,30.1,27.0,43.0,37.0,25.0,19.0,11.0,102.0,14
8829,1,551000,3,183667,3.0,3,3,66.7,33.3,1.0,3.0,1.0,1.0,2.0,1.0,1.0,14
41893,1,1571618,26,60447,1.4,9,15,7.7,33.3,4.0,12.0,2.0,8.0,1.0,6.0,19.0,14
48600,1,694000,14,49571,2.4,11,12,21.4,8.3,4.0,2.0,5.0,3.0,1.0,4.0,10.0,9
41895,1,4237500,31,136694,2.4,24,13,0.0,53.8,3.0,14.0,14.0,1.0,1.0,8.0,22.0,19
41898,1,10079186,74,136205,2.3,41,35,4.1,37.1,16.0,18.0,34.0,6.0,5.0,18.0,51.0,9
41911,1,5969172,35,170548,1.1,29,18,5.7,33.3,11.0,5.0,5.0,14.0,10.0,7.0,18.0,3
5739,1,1940900,24,80871,1.5,18,13,4.2,15.4,1.0,1.0,24.0,1.0,1.0,19.0,4.0,12
44541,1,4347860,49,88732,2.3,23,16,16.3,25.0,6.0,1.0,15.0,27.0,6.0,1.0,43.0,9
48531,1,27537671,92,299323,2.8,40,49,41.3,20.4,28.0,24.0,20.0,20.0,38.0,3.0,51.0,8
44539,1,6874041,59,116509,1.9,35,33,8.5,30.3,15.0,23.0,12.0,9.0,10.0,11.0,38.0,14
44519,1,7748352,70,110691,2.1,38,40,11.4,20.0,11.0,20.0,12.0,27.0,15.0,2.0,53.0,14
48501,1,10016929,117,85615,1.9,53,38,8.5,28.9,36.0,18.0,34.0,29.0,81.0,2.0,34.0,14
8731,1,1812966,47,38574,1.4,22,32,2.1,50.0,2.0,3.0,6.0,36.0,4.0,17.0,26.0,14
41931,1,433000,2,216500,1.0,2,2,50.0,50.0,1.0,1.0,1.0,1.0,2.0,1.0,2.0,24
48630,1,7999424,46,173901,2.6,26,26,10.9,42.3,19.0,6.0,9.0,12.0,7.0,14.0,25.0,14
44569,1,62000,1,62000,3.0,1,1,0.0,100.0,1.0,1.0,1.0,1.0,1.0,1.0,2.0,24
48642,1,2485370,16,155336,1.1,12,10,0.0,50.0,10.0,1.0,2.0,3.0,2.0,5.0,9.0,16
46091,1,5778011,55,105055,2.6,31,30,9.1,6.7,12.0,19.0,17.0,7.0,29.0,2.0,24.0,24
41793,1,3177872,90,35310,2.0,27,47,0.0,25.5,13.0,20.0,18.0,39.0,7.0,18.0,65.0,14
48698,1,263000,1,263000,3.0,1,1,100.0,100.0,1.0,1.0,1.0,1.0,1.0,1.0,1.0,24
46073,1,2194200,23,95400,1.2,19,16,17.4,50.0,3.0,8.0,7.0,5.0,6.0,1.0,16.0,9
46075,1,16088946,127,126685,2.0,63,73,40.9,54.8,32.0,36.0,44.0,15.0,20.0,37.0,70.0,8
44656,1,698240,6,116373,2.0,4,4,0.0,25.0,1.0,1.0,5.0,1.0,1.0,1.0,6.0,19
44637,1,1103755,25,44150,1.2,13,17,0.0,17.6,4.0,9.0,4.0,8.0,3.0,1.0,21.0,14
41818,1,1819534,24,75814,1.8,11,16,12.5,12.5,6.0,9.0,3.0,6.0,1.0,7.0,17.0,14
48674,1,6278792,83,75648,2.1,37,36,16.9,47.2,9.0,11.0,19.0,44.0,18.0,18.0,47.0,14
41822,1,780400,4,195100,2.5,4,3,25.0,33.3,1.0,3.0,1.0,1.0,1.0,1.0,3.0,2
5688,1,1722170,15,114811,2.2,13,8,13.3,37.5,5.0,6.0,4.0,1.0,1.0,7.0,8.0,24
44621,1,8310363,132,62957,1.4,39,80,10.6,28.7,27.0,31.0,40.0,34.0,20.0,10.0,102.0,14
41836,1,7956186,41,194053,2.7,26,19,19.5,47.4,4.0,6.0,15.0,16.0,6.0,7.0,28.0,9
8863,1,5298390,72,73589,2.3,23,43,8.3,62.8,18.0,12.0,24.0,18.0,15.0,15.0,42.0,14
46128,1,2537820,29,87511,2.1,19,11,31.0,0.0,8.0,1.0,7.0,14.0,1.0,13.0,15.0,10
48494,1,765000,6,127500,1.0,5,6,0.0,0.0,2.0,3.0,1.0,1.0,3.0,1.0,3.0,24
44506,1,2888688,222,13012,1.1,15,140,0.5,27.1,49.0,50.0,63.0,60.0,172.0,17.0,33.0,14
4006,1,577414,5,115483,2.6,3,2,0.0,0.0,1.0,5.0,1.0,1.0,3.0,1.0,2.0,14
46233,1,25038841,138,181441,2.1,58,50,8.0,70.0,24.0,32.0,37.0,45.0,6.0,28.0,104.0,14
44464,1,2140060,14,152861,1.4,8,9,21.4,0.0,3.0,1.0,6.0,4.0,7.0,1.0,6.0,24
48296,1,2574000,7,367714,1.9,5,5,57.1,0.0,2.0,1.0,2.0,3.0,2.0,2.0,3.0,24
46205,1,1721300,80,21516,3.1,24,35,1.2,34.3,22.0,34.0,6.0,18.0,4.0,18.0,58.0,12
1583,1,2093900,11,190355,5.9,7,4,27.3,0.0,8.0,1.0,3.0,1.0,1.0,3.0,8.0,1
48289,1,6019224,30,200641,2.8,9,18,30.0,22.2,7.0,5.0,5.0,13.0,4.0,1.0,25.0,14
44449,1,3043026,13,234079,1.2,10,9,7.7,22.2,5.0,6.0,2.0,1.0,1.0,7.0,5.0,19
44442,1,14609726,113,129290,2.0,31,57,13.3,28.1,18.0,39.0,38.0,18.0,33.0,6.0,74.0,14
48398,1,2945699,29,101576,1.5,13,23,13.8,43.5,5.0,6.0,6.0,12.0,8.0,2.0,19.0,14
42015,1,1326948,45,29488,1.2,7,39,2.2,17.9,6.0,20.0,13.0,6.0,2.0,7.0,36.0,14
48277,1,28000,1,28000,1.0,1,1,100.0,0.0,1.0,1.0,1.0,1.0,1.0,1.0,2.0,24
44434,1,40396730,180,224426,1.8,93,59,16.1,32.2,34.0,35.0,67.0,44.0,6.0,38.0,136.0,9
44389,1,2008560,16,125535,2.5,13,7,6.2,57.1,2.0,5.0,1.0,8.0,5.0,8.0,3.0,16
42092,1,3861294,38,101613,2.3,23,22,5.3,22.7,3.0,15.0,14.0,6.0,7.0,4.0,27.0,12
48238,1,2977234,33,90219,4.1,23,18,6.1,27.8,1.0,1.0,20.0,13.0,1.0,1.0,33.0,3
48345,1,1566100,14,111864,2.6,12,9,28.6,22.2,2.0,3.0,1.0,9.0,2.0,1.0,12.0,13
48428,1,3105666,71,43742,1.4,30,48,7.0,27.1,2.0,11.0,21.0,37.0,35.0,3.0,33.0,14
46155,1,10755213,192,56017,1.3,26,117,10.9,27.4,46.0,35.0,71.0,40.0,70.0,1.0,121.0,14
1488,1,3762963,52,72365,2.0,26,27,0.0,63.0,15.0,18.0,7.0,12.0,8.0,8.0,36.0,11
6931,1,1412500,11,128409,1.9,8,10,36.4,70.0,2.0,6.0,1.0,2.0,1.0,4.0,7.0,19
41944,1,769012,8,96126,2.0,8,5,25.0,20.0,1.0,1.0,1.0,7.0,1.0,3.0,5.0,24
48469,1,4276520,27,158390,2.6,23,21,11.1,23.8,6.0,7.0,5.0,9.0,7.0,1.0,19.0,9
46190,1,3629754,74,49051,1.8,32,50,17.6,34.0,11.0,20.0,15.0,28.0,6.0,27.0,41.0,14
5805,1,2241300,10,224130,2.5,10,5,0.0,60.0,4.0,6.0,1.0,1.0,1.0,1.0,10.0,12
3965,1,491900,9,54656,1.6,8,7,11.1,71.4,4.0,4.0,1.0,1.0,2.0,1.0,6.0,9
46199,1,16011110,45,355802,2.5,25,17,17.8,35.3,1.0,4.0,1.0,40.0,14.0,1.0,30.0,19
8596,1,4503756,56,80424,1.0,29,32,12.5,28.1,18.0,9.0,9.0,20.0,5.0,26.0,25.0,14
46201,1,2082100,18,115672,2.2,12,11,22.2,9.1,3.0,1.0,6.0,9.0,4.0,6.0,8.0,12
41986,1,5812609,61,95289,1.0,47,29,11.5,34.5,6.0,20.0,13.0,22.0,12.0,1.0,49.0,11
42003,1,6010386,61,98531,2.8,30,27,3.3,25.9,10.0,12.0,20.0,19.0,1.0,1.0,61.0,14
48429,1,1065021,14,76073,1.3,7,11,14.3,0.0,2.0,7.0,5.0,1.0,2.0,1.0,11.0,14
42006,1,1900655,36,52796,1.4,18,11,19.4,27.3,9.0,11.0,1.0,16.0,12.0,1.0,23.0,14
8598,1,1185414,9,131713,1.4,7,7,0.0,71.4,1.0,3.0,5.0,1.0,1.0,5.0,3.0,16
46493,1,9744900,44,221475,2.8,26,27,36.4,22.2,9.0,10.0,13.0,12.0,9.0,7.0,28.0,8
42579,1,9973210,123,81083,2.0,47,39,14.6,33.3,34.0,49.0,13.0,27.0,15.0,27.0,81.0,14
41772,1,4312900,53,81375,1.8,32,38,20.8,36.8,16.0,11.0,11.0,15.0,2.0,25.0,26.0,24
47424,1,486526,24,20272,1.2,11,19,4.2,36.8,10.0,3.0,5.0,6.0,8.0,1.0,15.0,14
43059,1,4473020,59,75814,1.8,25,26,28.8,34.6,15.0,10.0,19.0,15.0,6.0,8.0,45.0,14
43662,1,2205160,27,81673,1.9,15,13,11.1,53.8,3.0,1.0,5.0,19.0,2.0,8.0,17.0,12
7384,1,859000,10,85900,1.4,7,7,10.0,71.4,1.0,3.0,1.0,6.0,2.0,5.0,3.0,14
43072,1,3025335,22,137515,1.7,16,15,18.2,40.0,2.0,10.0,4.0,6.0,7.0,2.0,13.0,14
43661,1,2261691,66,34268,1.7,30,44,9.1,38.6,25.0,14.0,5.0,22.0,2.0,28.0,36.0,14
47235,1,561000,10,56100,2.6,9,7,10.0,71.4,7.0,2.0,1.0,1.0,1.0,1.0,9.0,7
7367,1,1239000,8,154875,2.5,7,4,12.5,25.0,2.0,2.0,3.0,1.0,1.0,1.0,7.0,9
46864,1,10054904,83,121143,1.7,38,35,24.1,45.7,8.0,18.0,19.0,38.0,10.0,19.0,54.0,24
43636,1,4186800,49,85445,2.3,30,34,4.1,41.2,16.0,15.0,10.0,8.0,6.0,11.0,32.0,11
47208,1,112000,1,112000,1.0,1,1,100.0,100.0,1.0,1.0,1.0,1.0,1.0,1.0,2.0,24
47171,1,7352400,34,216247,2.5,15,18,35.3,22.2,9.0,6.0,3.0,16.0,10.0,4.0,20.0,8
47166,1,1346700,8,168338,1.8,3,4,62.5,50.0,1.0,4.0,4.0,1.0,4.0,1.0,4.0,6
43141,1,978000,18,54333,1.4,13,14,27.8,21.4,5.0,4.0,3.0,6.0,1.0,5.0,13.0,24
47162,1,2310989,40,57775,2.2,19,21,12.5,19.0,7.0,10.0,21.0,2.0,7.0,1.0,32.0,12
43164,1,2989589,20,149479,1.1,14,13,10.0,53.8,2.0,4.0,8.0,6.0,1.0,5.0,14.0,24
43031,1,523100,18,29061,2.4,10,8,5.6,25.0,13.0,1.0,4.0,1.0,1.0,4.0,14.0,9
43026,1,9945119,78,127502,2.6,44,40,10.3,30.0,12.0,22.0,11.0,33.0,4.0,8.0,66.0,9
47291,1,31718400,49,647314,2.9,16,30,81.6,43.3,11.0,13.0,14.0,11.0,12.0,5.0,32.0,8
6568,1,495800,9,55089,1.2,7,7,22.2,42.9,2.0,4.0,1.0,2.0,1.0,3.0,6.0,11
42912,1,936576,16,58536,2.1,14,13,6.2,53.8,1.0,7.0,3.0,6.0,6.0,1.0,9.0,16
46792,1,4359540,162,26911,1.1,20,114,1.9,38.6,23.0,25.0,53.0,61.0,7.0,102.0,53.0,14
47362,1,3998200,58,68934,2.2,32,26,22.4,38.5,4.0,20.0,28.0,6.0,12.0,11.0,35.0,9
47342,1,5638901,94,59988,1.3,20,56,7.4,28.6,27.0,28.0,10.0,29.0,4.0,33.0,57.0,14
47338,1,1241500,14,88679,1.9,12,10,21.4,70.0,2.0,3.0,7.0,2.0,1.0,4.0,10.0,24
43793,1,5961100,50,119222,1.4,21,26,10.0,42.3,13.0,12.0,8.0,17.0,9.0,1.0,41.0,21
46804,1,3816490,22,173477,1.3,16,12,13.6,25.0,4.0,2.0,3.0,13.0,2.0,10.0,10.0,5
43737,1,17676908,99,178555,2.7,56,28,17.2,46.4,29.0,13.0,23.0,34.0,24.0,1.0,74.0,9
43756,1,9635369,131,73552,2.4,38,67,10.7,16.4,18.0,26.0,49.0,38.0,13.0,38.0,80.0,14
6665,1,887000,5,177400,2.6,5,5,20.0,80.0,3.0,1.0,1.0,1.0,1.0,3.0,2.0,7
42953,1,6119154,110,55629,1.7,55,41,11.8,22.0,24.0,30.0,20.0,36.0,3.0,34.0,73.0,24
47313,1,12520644,39,321042,2.0,24,27,23.1,37.0,2.0,9.0,18.0,10.0,6.0,7.0,26.0,14
3227,1,1832100,21,87243,1.0,18,12,4.8,58.3,8.0,2.0,9.0,2.0,2.0,2.0,17.0,9
47301,1,375646,8,46956,1.0,4,8,12.5,12.5,1.0,1.0,2.0,4.0,4.0,1.0,3.0,14
7259,1,1052500,13,80962,2.5,13,10,15.4,70.0,1.0,7.0,6.0,1.0,1.0,4.0,8.0,12
46893,1,5928560,36,164682,1.0,18,21,13.9,9.5,16.0,6.0,8.0,6.0,9.0,2.0,25.0,14
43197,1,7354312,79,93093,1.8,47,59,24.1,33.9,25.0,8.0,20.0,26.0,23.0,17.0,39.0,8
43535,1,16594424,109,152242,3.3,55,36,13.8,38.9,11.0,43.0,12.0,43.0,18.0,16.0,75.0,9
46996,1,85435362,270,316427,1.3,85,126,20.4,27.8,59.0,47.0,56.0,108.0,28.0,13.0,229.0,14
46990,1,440570,6,73428,1.7,5,5,33.3,20.0,1.0,1.0,1.0,3.0,2.0,1.0,4.0,7
43447,1,2189000,12,182417,3.4,10,4,25.0,50.0,3.0,7.0,2.0,1.0,2.0,1.0,10.0,9
3028,1,2467700,13,189823,2.8,9,10,23.1,50.0,1.0,4.0,7.0,1.0,2.0,2.0,9.0,9
43453,1,4152600,15,276840,2.3,10,12,6.7,33.3,4.0,2.0,4.0,5.0,2.0,2.0,11.0,9
43458,1,6872200,99,69416,1.6,53,55,27.3,41.8,33.0,22.0,20.0,24.0,11.0,28.0,60.0,24
43478,1,465000,4,116250,1.5,4,3,25.0,66.7,1.0,1.0,4.0,1.0,1.0,3.0,2.0,24
7058,1,100000,2,50000,1.0,2,1,0.0,100.0,1.0,2.0,1.0,1.0,2.0,1.0,2.0,7
43521,1,2694200,41,65712,2.2,19,18,24.4,61.1,6.0,7.0,4.0,24.0,1.0,16.0,24.0,24
46943,1,4206000,33,127455,2.7,25,16,18.2,56.2,7.0,9.0,12.0,5.0,6.0,8.0,19.0,21
3053,1,4321420,21,205782,2.0,15,12,14.3,58.3,8.0,5.0,4.0,4.0,2.0,7.0,12.0,19
6888,1,1934100,14,138150,1.1,12,10,21.4,40.0,2.0,3.0,1.0,9.0,2.0,6.0,6.0,12
46951,1,9538300,108,88318,1.5,36,63,6.5,25.4,27.0,16.0,21.0,44.0,13.0,13.0,82.0,14
43492,1,935050,20,46752,1.9,13,7,10.0,14.3,1.0,5.0,1.0,15.0,5.0,1.0,14.0,14
43542,1,358400,9,39822,1.0,5,4,55.6,50.0,1.0,6.0,3.0,1.0,1.0,3.0,5.0,24
6842,1,822500,11,74773,1.2,11,6,45.5,66.7,1.0,1.0,2.0,8.0,1.0,5.0,5.0,24
47152,1,661240,10,66124,2.0,8,5,10.0,0.0,1.0,1.0,6.0,3.0,3.0,1.0,6.0,9
43317,1,172000,2,86000,2.0,1,2,0.0,0.0,1.0,1.0,1.0,1.0,1.0,1.0,2.0,24
47128,1,3195768,39,81943,2.1,25,16,7.7,25.0,8.0,3.0,3.0,25.0,1.0,6.0,32.0,9
46912,1,5883107,42,140074,2.0,17,24,28.6,33.3,11.0,13.0,15.0,3.0,4.0,9.0,29.0,14
46913,1,31000,1,31000,1.0,1,1,0.0,100.0,1.0,1.0,1.0,1.0,1.0,1.0,1.0,24
43312,1,18115604,111,163204,2.1,66,48,37.8,33.3,21.0,38.0,30.0,22.0,17.0,18.0,76.0,24
47118,1,2446928,24,101955,1.8,18,12,4.2,33.3,9.0,6.0,1.0,9.0,7.0,2.0,15.0,14
46920,1,1775000,7,253571,2.4,6,6,0.0,33.3,2.0,2.0,2.0,1.0,1.0,3.0,4.0,7
47099,1,3267600,20,163380,2.1,12,10,45.0,60.0,6.0,5.0,6.0,3.0,3.0,3.0,14.0,24
3109,1,847910,18,47106,1.3,10,10,0.0,70.0,1.0,2.0,12.0,4.0,3.0,5.0,10.0,14
47068,1,4770938,65,73399,1.4,35,32,6.2,25.0,19.0,8.0,18.0,20.0,11.0,12.0,42.0,21
43333,1,1079800,12,89983,1.3,12,11,8.3,81.8,3.0,2.0,5.0,2.0,1.0,1.0,11.0,7
43591,1,6037161,111,54389,1.9,53,61,18.9,34.4,27.0,31.0,18.0,35.0,12.0,22.0,77.0,14
47016,1,26575412,207,128384,1.7,79,105,21.3,28.6,30.0,60.0,50.0,67.0,34.0,45.0,128.0,14
43583,1,1880016,22,85455,1.5,14,17,27.3,23.5,6.0,1.0,8.0,7.0,3.0,6.0,13.0,24
47010,1,7662640,26,294717,2.5,20,13,23.1,46.2,12.0,7.0,2.0,5.0,1.0,6.0,19.0,16
47415,1,359189,12,29932,1.0,5,6,8.3,16.7,1.0,6.0,3.0,3.0,2.0,1.0,10.0,14
43800,1,7508599,45,166858,2.5,18,20,24.4,20.0,4.0,13.0,10.0,18.0,1.0,2.0,43.0,14
3572,1,2202070,33,66729,1.7,24,16,12.1,75.0,11.0,12.0,10.0,1.0,1.0,12.0,20.0,24
47433,1,11604770,191,60758,1.0,44,127,3.7,29.9,51.0,45.0,44.0,51.0,27.0,32.0,132.0,14
42667,1,4110358,51,80595,1.5,26,27,3.9,37.0,7.0,16.0,11.0,17.0,11.0,1.0,40.0,9
42707,1,1205500,7,172214,2.1,5,7,0.0,28.6,1.0,1.0,2.0,4.0,3.0,1.0,3.0,12
43967,1,6306319,82,76906,1.7,40,33,9.8,42.4,25.0,15.0,19.0,23.0,10.0,11.0,61.0,14
42715,1,9316897,67,139058,2.0,33,33,11.9,33.3,16.0,17.0,21.0,13.0,3.0,11.0,53.0,14
42732,1,354000,4,88500,2.0,2,4,0.0,0.0,1.0,1.0,3.0,1.0,1.0,1.0,3.0,24
7853,1,908000,3,302667,2.3,3,3,0.0,100.0,1.0,1.0,1.0,1.0,1.0,1.0,3.0,19
47619,1,79000,2,39500,1.0,2,1,50.0,100.0,1.0,1.0,1.0,2.0,1.0,1.0,2.0,21
42742,1,2547300,25,101892,2.2,19,11,24.0,45.5,10.0,1.0,3.0,11.0,1.0,5.0,20.0,24
46613,1,6841500,38,180039,1.1,29,26,7.9,38.5,5.0,6.0,20.0,7.0,5.0,7.0,26.0,9
43942,1,391400,12,32617,1.5,9,10,8.3,40.0,4.0,5.0,2.0,1.0,1.0,6.0,5.0,12
47604,1,2711515,24,112980,1.8,16,17,16.7,29.4,4.0,4.0,12.0,4.0,5.0,3.0,16.0,16
46628,1,366000,7,52286,1.0,7,3,14.3,66.7,1.0,1.0,1.0,6.0,1.0,1.0,7.0,16
43930,1,2648222,48,55171,1.6,16,31,6.2,22.6,13.0,9.0,5.0,21.0,2.0,9.0,37.0,14
42763,1,1892662,57,33205,1.6,21,32,3.5,62.5,18.0,12.0,16.0,11.0,10.0,16.0,31.0,14
47600,1,1468978,31,47386,1.0,21,18,16.1,22.2,3.0,14.0,5.0,9.0,3.0,3.0,25.0,11
42665,1,3612475,24,150520,3.0,19,10,20.8,30.0,10.0,3.0,1.0,10.0,4.0,3.0,17.0,24
47623,1,1686422,21,80306,1.4,9,9,33.3,44.4,3.0,2.0,4.0,12.0,4.0,8.0,9.0,24
47625,1,548500,13,42192,1.6,11,7,7.7,14.3,6.0,6.0,1.0,1.0,1.0,1.0,12.0,13
42614,1,7777039,154,50500,1.4,43,69,4.5,31.9,40.0,32.0,17.0,65.0,11.0,46.0,97.0,14
47704,1,15112581,62,243751,1.5,34,24,27.4,25.0,28.0,18.0,4.0,12.0,9.0,6.0,47.0,24
46541,1,24869036,208,119563,1.4,34,145,12.0,43.4,52.0,34.0,75.0,47.0,81.0,44.0,83.0,14
46589,1,6339545,61,103927,1.4,32,37,6.6,43.2,16.0,5.0,12.0,28.0,17.0,5.0,39.0,14
47675,1,5647671,146,38683,1.1,27,61,1.4,31.1,26.0,43.0,39.0,38.0,7.0,31.0,108.0,14
42589,1,3701165,104,35588,1.4,28,52,7.7,48.1,15.0,39.0,28.0,22.0,2.0,41.0,61.0,14
47674,1,50000,1,50000,1.0,1,1,100.0,100.0,1.0,1.0,1.0,1.0,1.0,1.0,1.0,24
46599,1,9883905,82,120535,2.8,30,46,35.4,26.1,22.0,31.0,16.0,13.0,23.0,14.0,45.0,8
7902,1,3864500,34,113662,2.3,19,19,11.8,73.7,3.0,13.0,17.0,1.0,1.0,9.0,24.0,19
42615,1,942177,15,62812,1.1,8,11,20.0,9.1,1.0,3.0,5.0,6.0,5.0,3.0,7.0,14
42623,1,188878,4,47220,1.0,4,2,25.0,50.0,1.0,1.0,1.0,3.0,3.0,1.0,1.0,12
47643,1,27694867,172,161017,1.8,80,81,18.0,19.8,51.0,23.0,28.0,70.0,5.0,7.0,160.0,11
47636,1,249000,2,124500,2.0,2,1,0.0,0.0,1.0,1.0,1.0,2.0,1.0,1.0,1.0,10
47631,1,728300,4,182075,3.0,3,3,25.0,33.3,1.0,1.0,1.0,4.0,1.0,2.0,2.0,24
47629,1,1035900,18,57550,1.2,14,11,27.8,36.4,9.0,1.0,7.0,1.0,8.0,2.0,8.0,12
46630,1,13442722,67,200638,2.2,19,43,7.5,18.6,13.0,23.0,14.0,17.0,4.0,8.0,55.0,14
43927,1,18173288,157,115753,1.3,46,84,19.1,36.9,41.0,28.0,49.0,39.0,18.0,39.0,100.0,14
46638,1,1515600,14,108257,2.5,9,9,7.1,55.6,2.0,1.0,8.0,3.0,5.0,1.0,8.0,12
47491,1,12290210,112,109734,1.7,36,76,4.5,27.6,31.0,21.0,22.0,38.0,17.0,22.0,73.0,14
3385,1,2187000,9,243000,6.6,7,8,55.6,50.0,2.0,1.0,6.0,1.0,3.0,1.0,5.0,24
3342,1,6562416,62,105845,1.8,33,34,11.3,32.4,11.0,2.0,28.0,21.0,6.0,18.0,38.0,24
46748,1,7241000,33,219424,2.5,22,16,33.3,18.8,5.0,5.0,8.0,15.0,7.0,1.0,26.0,3
7586,1,560800,5,112160,3.0,4,5,0.0,80.0,1.0,3.0,2.0,1.0,1.0,2.0,2.0,12
46752,1,15032512,87,172787,2.1,52,42,13.8,45.2,21.0,18.0,19.0,29.0,3.0,19.0,65.0,9
46778,1,5062020,29,174552,1.8,20,17,34.5,70.6,5.0,7.0,6.0,11.0,16.0,1.0,12.0,8
42889,1,5753700,125,46030,2.0,60,63,4.0,42.9,23.0,27.0,46.0,29.0,12.0,42.0,71.0,12
42864,1,12633433,109,115903,2.2,46,49,13.8,51.0,25.0,28.0,19.0,37.0,21.0,27.0,61.0,14
6485,1,453000,5,90600,2.0,5,3,20.0,66.7,1.0,1.0,1.0,4.0,1.0,3.0,2.0,22
7565,1,708900,16,44306,1.9,9,6,0.0,33.3,1.0,4.0,12.0,1.0,1.0,8.0,7.0,3
47470,1,11360770,353,32183,1.5,84,195,5.7,33.8,89.0,72.0,82.0,110.0,2.0,167.0,184.0,14
47462,1,6580250,56,117504,2.1,32,28,32.1,28.6,18.0,4.0,12.0,22.0,1.0,5.0,50.0,24
46790,1,834800,14,59629,1.4,6,8,7.1,75.0,3.0,5.0,5.0,1.0,8.0,1.0,6.0,12
47441,1,4710924,35,134598,1.8,25,20,20.0,15.0,6.0,12.0,12.0,5.0,8.0,1.0,26.0,14
46705,1,16244000,25,649760,5.5,10,14,20.0,42.9,1.0,8.0,9.0,8.0,7.0,1.0,18.0,5
46696,1,355000,4,88750,2.2,3,4,0.0,25.0,1.0,1.0,1.0,2.0,1.0,1.0,3.0,24
7766,1,511000,6,85167,2.7,5,5,0.0,60.0,1.0,3.0,2.0,1.0,1.0,1.0,5.0,22
43860,1,405400,5,81080,2.2,5,4,40.0,0.0,2.0,1.0,1.0,2.0,1.0,1.0,4.0,12
43910,1,3466000,13,266615,6.4,11,11,23.1,0.0,1.0,8.0,5.0,1.0,3.0,2.0,8.0,9
43878,1,3765150,29,129833,2.0,18,22,27.6,36.4,4.0,4.0,11.0,10.0,6.0,14.0,9.0,24
42778,1,3277614,45,72836,2.2,22,27,13.3,22.2,15.0,11.0,13.0,6.0,1.0,22.0,23.0,12
47572,1,2576169,21,122675,2.2,13,9,9.5,55.6,2.0,4.0,8.0,7.0,3.0,3.0,15.0,14
46655,1,3348628,92,36398,1.5,46,61,8.7,31.1,19.0,28.0,26.0,19.0,8.0,30.0,54.0,24
43861,1,1772400,43,41219,1.6,30,15,9.3,0.0,7.0,11.0,10.0,15.0,10.0,4.0,29.0,9
42821,1,320600,7,45800,1.3,6,4,28.6,50.0,1.0,6.0,1.0,1.0,1.0,4.0,3.0,7
47536,1,1432120,13,110163,1.9,10,8,7.7,62.5,2.0,1.0,2.0,8.0,1.0,5.0,7.0,9
42830,1,5865077,51,115002,2.7,34,24,56.9,70.8,12.0,18.0,4.0,17.0,5.0,20.0,26.0,8
3418,1,875170,8,109396,1.8,6,6,25.0,50.0,1.0,4.0,4.0,1.0,1.0,1.0,6.0,24
46663,1,23046046,112,205768,2.6,67,41,19.6,34.1,21.0,33.0,20.0,38.0,16.0,23.0,73.0,13
7698,1,18920260,59,320682,1.0,38,28,22.0,53.6,1.0,21.0,30.0,7.0,23.0,6.0,30.0,1
42831,1,2282600,55,41502,1.7,24,33,5.5,30.3,17.0,5.0,14.0,19.0,8.0,11.0,36.0,12
42847,1,12392400,44,281645,2.5,24,30,4.5,26.7,22.0,13.0,1.0,8.0,4.0,23.0,17.0,20
44670,1,74000,4,18500,1.0,2,2,75.0,0.0,1.0,3.0,1.0,1.0,1.0,1.0,4.0,24
46950,1,2004307,24,83513,2.1,17,22,16.7,27.3,2.0,4.0,9.0,9.0,2.0,4.0,18.0,9
41770,1,6383289,45,141851,2.3,29,23,4.4,60.9,9.0,9.0,17.0,10.0,14.0,1.0,30.0,12
49531,1,487520,10,48752,1.4,7,9,50.0,11.1,1.0,1.0,2.0,6.0,9.0,1.0,2.0,24
9750,1,585000,4,146250,2.0,4,2,25.0,50.0,1.0,1.0,4.0,1.0,1.0,1.0,4.0,23
41069,1,439876,13,33837,1.2,10,12,15.4,33.3,3.0,4.0,4.0,2.0,2.0,3.0,8.0,14
45237,1,3145800,26,120992,1.0,19,16,30.8,12.5,1.0,2.0,11.0,12.0,6.0,1.0,19.0,12
9738,1,793800,15,52920,1.7,12,9,0.0,88.9,5.0,3.0,3.0,4.0,1.0,8.0,7.0,7
45814,1,274000,2,137000,3.0,2,2,0.0,0.0,1.0,1.0,1.0,1.0,1.0,1.0,2.0,21
45818,1,1273673,20,63684,1.7,5,14,0.0,57.1,7.0,2.0,3.0,8.0,2.0,3.0,15.0,14
41091,1,2512587,39,64425,2.1,30,21,10.3,38.1,11.0,9.0,8.0,11.0,4.0,17.0,18.0,9
41103,1,531500,9,59056,1.8,8,6,22.2,50.0,4.0,1.0,1.0,4.0,1.0,1.0,7.0,24
45217,1,3775191,104,36300,1.2,27,67,1.9,22.4,22.0,27.0,30.0,25.0,9.0,17.0,78.0,14
45207,1,11250185,114,98686,1.9,51,44,2.6,45.5,28.0,16.0,42.0,28.0,16.0,30.0,68.0,14
49513,1,561900,9,62433,2.1,8,8,33.3,25.0,2.0,1.0,1.0,6.0,4.0,1.0,5.0,7
41092,1,2992540,34,88016,2.1,25,22,5.9,40.9,8.0,8.0,9.0,9.0,6.0,4.0,24.0,9
45878,1,3070517,40,76763,1.6,24,26,2.5,30.8,9.0,6.0,11.0,14.0,8.0,7.0,25.0,14
45881,1,11060106,63,175557,1.6,30,38,15.9,52.6,6.0,9.0,18.0,30.0,11.0,19.0,33.0,14
41058,1,17512579,144,121615,2.1,44,50,7.6,44.0,34.0,38.0,25.0,47.0,4.0,52.0,88.0,14
45264,1,1268038,13,97541,1.8,7,8,0.0,25.0,4.0,2.0,1.0,6.0,5.0,1.0,8.0,14
45810,1,20370514,170,119827,1.8,54,61,7.1,31.1,55.0,44.0,43.0,28.0,32.0,11.0,127.0,24
45301,1,244500,3,81500,2.3,2,3,66.7,33.3,1.0,1.0,1.0,2.0,1.0,1.0,2.0,24
41052,1,2800100,42,66669,1.4,19,25,23.8,52.0,11.0,13.0,13.0,5.0,8.0,7.0,27.0,21
5019,1,1500300,10,150030,2.9,9,6,10.0,50.0,4.0,3.0,3.0,1.0,1.0,1.0,8.0,9
9817,1,1286500,13,98962,2.7,9,9,46.2,33.3,2.0,3.0,3.0,5.0,1.0,5.0,8.0,8
49580,1,2443363,44,55531,2.1,21,29,6.8,31.0,8.0,11.0,12.0,13.0,9.0,5.0,30.0,14
45798,1,815552,12,67963,2.2,6,8,8.3,50.0,1.0,5.0,3.0,3.0,1.0,3.0,8.0,14
41038,1,5020517,32,156891,1.2,22,20,15.6,20.0,5.0,1.0,15.0,11.0,22.0,1.0,10.0,24
9859,1,2815300,13,216562,1.8,12,10,38.5,70.0,3.0,1.0,3.0,6.0,1.0,4.0,9.0,24
9914,1,1765491,41,43061,1.4,13,29,12.2,51.7,9.0,14.0,8.0,10.0,3.0,17.0,21.0,14
41037,1,5609658,103,54463,2.1,43,51,22.3,31.4,18.0,21.0,39.0,25.0,21.0,5.0,77.0,24
41020,1,5839300,29,201355,1.7,24,22,0.0,36.4,3.0,8.0,7.0,11.0,12.0,2.0,15.0,12
41012,1,1149900,10,114990,2.0,9,7,10.0,57.1,1.0,1.0,5.0,4.0,1.0,3.0,6.0,13
49595,1,895735,9,99526,2.3,3,4,77.8,75.0,2.0,4.0,3.0,1.0,6.0,1.0,3.0,24
4997,1,2220000,18,123333,2.2,14,11,50.0,45.5,3.0,3.0,12.0,1.0,1.0,8.0,9.0,24
49474,1,1171148,11,106468,2.5,10,9,27.3,0.0,1.0,2.0,4.0,4.0,5.0,1.0,6.0,13
45888,1,2373898,25,94956,1.2,9,22,24.0,59.1,4.0,4.0,6.0,11.0,8.0,7.0,10.0,14
9969,1,1584299,13,121869,1.6,11,12,7.7,41.7,4.0,1.0,3.0,5.0,2.0,6.0,5.0,14
9460,1,800800,10,80080,2.2,9,7,10.0,57.1,1.0,1.0,5.0,3.0,1.0,2.0,8.0,12
5238,1,1412600,12,117717,1.2,9,8,8.3,37.5,4.0,2.0,1.0,5.0,1.0,1.0,12.0,23
41243,1,1599191,27,59229,1.9,11,17,3.7,29.4,2.0,1.0,17.0,7.0,2.0,3.0,22.0,14
41251,1,55583480,89,624533,4.8,33,50,31.5,40.0,18.0,22.0,28.0,21.0,3.0,6.0,80.0,5
41256,1,9041600,89,101591,2.8,35,45,4.5,42.2,21.0,16.0,43.0,9.0,2.0,44.0,43.0,11
41260,1,3181066,35,90888,2.4,18,27,8.6,22.2,10.0,12.0,11.0,2.0,4.0,3.0,28.0,21
45935,1,1710300,27,63344,2.6,20,17,29.6,41.2,4.0,9.0,4.0,10.0,1.0,17.0,10.0,24
49311,1,7326999,143,51238,1.2,15,115,2.8,33.9,57.0,15.0,20.0,51.0,6.0,38.0,99.0,14
45124,1,4314905,60,71915,5.4,26,22,13.3,36.4,21.0,5.0,18.0,16.0,36.0,1.0,23.0,14
49306,1,1413600,28,50486,1.9,23,14,17.9,14.3,3.0,4.0,8.0,13.0,8.0,1.0,20.0,24
45936,1,2423200,18,134622,1.0,13,5,11.1,40.0,4.0,3.0,3.0,8.0,1.0,4.0,14.0,12
45940,1,1448100,15,96540,1.1,10,8,6.7,75.0,1.0,3.0,5.0,7.0,1.0,4.0,10.0,11
49293,1,516300,5,103260,2.2,5,3,20.0,0.0,1.0,3.0,1.0,1.0,2.0,1.0,3.0,22
49284,1,3178663,33,96323,1.7,15,23,3.0,39.1,2.0,7.0,14.0,10.0,5.0,4.0,24.0,14
49272,1,1670443,35,47727,1.1,6,20,0.0,20.0,6.0,8.0,10.0,11.0,20.0,1.0,15.0,14
9531,1,2271000,16,141938,2.0,11,10,68.8,50.0,5.0,1.0,7.0,4.0,2.0,2.0,12.0,24
45023,1,11059500,49,225704,2.5,28,17,22.4,41.2,19.0,7.0,11.0,12.0,12.0,3.0,34.0,8
5207,1,102000,3,34000,1.0,3,3,0.0,100.0,2.0,1.0,1.0,1.0,1.0,1.0,3.0,11
49369,1,1838000,23,79913,2.6,10,12,26.1,8.3,4.0,1.0,1.0,19.0,1.0,2.0,20.0,5
45918,1,649000,5,129800,1.4,3,2,20.0,100.0,1.0,1.0,4.0,1.0,1.0,1.0,5.0,24
9567,1,1942370,29,66978,2.1,14,19,51.7,52.6,8.0,6.0,6.0,9.0,5.0,7.0,17.0,8
45891,1,8349150,57,146476,1.7,33,36,49.1,13.9,11.0,7.0,18.0,21.0,12.0,6.0,39.0,24
9597,1,94000,1,94000,1.0,1,1,100.0,0.0,1.0,1.0,1.0,1.0,1.0,1.0,2.0,24
41185,1,1567000,14,111929,2.3,13,7,14.3,42.9,1.0,1.0,6.0,6.0,1.0,1.0,14.0,22
49391,1,15194600,52,292204,1.5,27,30,61.5,40.0,13.0,16.0,6.0,17.0,19.0,3.0,30.0,24
41168,1,2715432,39,69626,1.7,21,24,12.8,25.0,4.0,12.0,7.0,16.0,10.0,1.0,29.0,14
9641,1,3558560,30,118619,1.7,18,9,3.3,55.6,12.0,17.0,1.0,1.0,1.0,16.0,13.0,4
45889,1,6235700,38,164097,1.0,23,18,28.9,11.1,16.0,8.0,7.0,7.0,2.0,5.0,31.0,24
49401,1,2816431,67,42036,2.0,34,43,16.4,27.9,2.0,27.0,10.0,28.0,13.0,8.0,46.0,9
49414,1,8844564,78,113392,2.5,14,32,5.1,28.1,40.0,2.0,23.0,13.0,2.0,13.0,63.0,14
49448,1,5774345,417,13847,1.2,30,249,1.0,28.5,114.0,85.0,110.0,108.0,16.0,35.0,366.0,14
49454,1,5192848,24,216369,1.2,15,13,20.8,53.8,6.0,4.0,1.0,14.0,5.0,3.0,16.0,9
49609,1,1124224,7,160603,2.7,5,5,14.3,60.0,4.0,1.0,2.0,1.0,4.0,1.0,3.0,24
9985,1,3267095,79,41356,1.4,35,38,3.8,47.4,26.0,31.0,11.0,11.0,6.0,21.0,52.0,14
4315,1,6914660,89,77693,2.3,52,36,7.9,61.1,33.0,28.0,5.0,23.0,6.0,20.0,63.0,24
49862,1,2683160,57,47073,1.9,23,20,24.6,30.0,18.0,7.0,11.0,21.0,1.0,5.0,51.0,24
45502,1,5500626,54,101863,2.4,19,31,1.9,35.5,17.0,12.0,13.0,12.0,4.0,5.0,45.0,14
10313,1,337800,6,56300,1.0,5,3,16.7,33.3,1.0,5.0,1.0,1.0,4.0,1.0,2.0,14
49879,1,5001160,94,53204,1.9,18,65,2.1,29.2,18.0,15.0,41.0,20.0,52.0,1.0,42.0,14
10302,1,998900,31,32223,2.4,12,14,25.8,57.1,16.0,1.0,4.0,10.0,1.0,10.0,21.0,11
10301,1,2288200,26,88008,1.8,14,17,57.7,58.8,7.0,7.0,6.0,6.0,4.0,8.0,14.0,24
45692,1,2818500,31,90919,2.5,16,9,25.8,22.2,2.0,1.0,11.0,18.0,2.0,6.0,23.0,15
49857,1,8266055,38,217528,2.2,24,29,31.6,10.3,12.0,7.0,11.0,8.0,24.0,1.0,14.0,9
45698,1,23122343,133,173852,1.1,50,58,14.3,69.0,36.0,32.0,29.0,36.0,11.0,26.0,96.0,14
10278,1,913729,22,41533,1.1,15,10,13.6,30.0,1.0,18.0,4.0,1.0,2.0,1.0,20.0,24
49846,1,19151837,88,217635,2.3,58,48,26.1,37.5,12.0,14.0,27.0,35.0,51.0,6.0,31.0,8
45480,1,464200,3,154733,1.7,3,3,33.3,66.7,1.0,1.0,2.0,1.0,2.0,1.0,1.0,12
49843,1,2357600,12,196467,2.3,9,9,33.3,0.0,4.0,3.0,3.0,2.0,6.0,1.0,6.0,24
49820,1,165660,5,33132,1.0,3,4,20.0,0.0,2.0,1.0,1.0,2.0,1.0,1.0,5.0,14
45472,1,1779000,31,57387,2.2,17,15,16.1,60.0,6.0,11.0,6.0,8.0,2.0,2.0,27.0,16
40706,1,1000081,14,71434,1.1,12,11,7.1,63.6,3.0,2.0,1.0,9.0,4.0,5.0,5.0,14
40699,1,5658152,37,152923,2.5,21,25,21.6,40.0,3.0,9.0,8.0,17.0,1.0,15.0,22.0,9
45513,1,1640997,25,65640,1.9,12,9,12.0,11.1,9.0,4.0,1.0,12.0,5.0,6.0,14.0,14
45570,1,3415659,62,55091,1.3,12,45,6.5,40.0,10.0,20.0,13.0,19.0,23.0,9.0,30.0,14
4748,1,2217213,49,45249,1.7,26,26,26.5,38.5,10.0,3.0,21.0,15.0,2.0,21.0,26.0,9
40698,1,2272400,18,126244,2.6,14,11,5.6,18.2,5.0,1.0,7.0,6.0,5.0,1.0,13.0,11
45687,1,2721031,57,47737,2.0,23,27,7.0,40.7,19.0,13.0,9.0,16.0,5.0,16.0,36.0,14
45678,1,764700,12,63725,2.7,7,7,33.3,0.0,4.0,1.0,3.0,4.0,9.0,1.0,3.0,24
49946,1,13525907,240,56358,1.4,45,126,6.2,27.8,57.0,66.0,49.0,68.0,52.0,35.0,153.0,14
49952,1,6666517,93,71683,1.8,27,39,10.8,43.6,13.0,33.0,14.0,33.0,8.0,41.0,44.0,14
10370,1,528800,4,132200,2.5,2,1,25.0,100.0,1.0,1.0,4.0,1.0,1.0,1.0,4.0,19
45600,1,17857968,59,302677,2.4,35,20,10.2,40.0,29.0,17.0,7.0,6.0,5.0,13.0,41.0,11
49957,1,5852482,37,158175,2.6,14,21,40.5,19.0,12.0,6.0,6.0,13.0,16.0,1.0,21.0,24
40680,1,1104600,8,138075,2.0,8,6,25.0,33.3,1.0,1.0,4.0,2.0,5.0,1.0,3.0,22
40675,1,828000,5,165600,2.2,3,4,20.0,25.0,1.0,1.0,1.0,3.0,1.0,1.0,4.0,15
45607,1,7479500,29,257914,2.2,11,8,3.4,37.5,9.0,1.0,19.0,1.0,5.0,1.0,23.0,9
49975,1,654498,13,50346,2.5,10,7,7.7,14.3,6.0,4.0,2.0,1.0,1.0,2.0,11.0,22
45465,1,4293400,31,138497,1.3,20,13,22.6,84.6,14.0,8.0,4.0,5.0,7.0,5.0,19.0,21
45699,1,12283609,267,46006,1.2,56,121,7.1,22.3,85.0,66.0,48.0,68.0,36.0,12.0,219.0,14
49618,1,3361072,33,101851,2.7,14,21,6.1,19.0,7.0,8.0,10.0,8.0,11.0,3.0,19.0,5
40904,1,1467463,18,81526,2.0,17,14,11.1,35.7,2.0,3.0,2.0,11.0,1.0,8.0,10.0,9
49729,1,2601277,27,96344,1.7,17,16,7.4,31.2,2.0,14.0,5.0,6.0,3.0,2.0,22.0,13
49724,1,120000,1,120000,3.0,1,1,100.0,100.0,1.0,1.0,1.0,1.0,1.0,1.0,1.0,24
49723,1,144673,6,24112,1.3,2,3,16.7,33.3,1.0,2.0,2.0,2.0,2.0,2.0,2.0,14
40888,1,5612366,84,66814,1.5,36,40,11.9,45.0,21.0,14.0,23.0,26.0,14.0,8.0,62.0,14
40896,1,811129,9,90125,1.3,8,5,33.3,20.0,6.0,2.0,1.0,1.0,2.0,1.0,7.0,24
10048,1,2163400,23,94061,1.7,19,15,4.3,53.3,2.0,9.0,4.0,8.0,2.0,8.0,13.0,24
49682,1,397400,5,79480,1.8,5,5,20.0,40.0,1.0,1.0,2.0,1.0,1.0,2.0,2.0,13
40757,1,945000,11,85909,1.7,10,11,27.3,36.4,4.0,1.0,4.0,3.0,1.0,5.0,5.0,24
49679,1,2753665,68,40495,1.6,20,45,5.9,11.1,16.0,23.0,9.0,20.0,17.0,1.0,50.0,14
45348,1,5005026,69,72537,2.2,28,32,13.0,3.1,17.0,14.0,9.0,29.0,44.0,1.0,24.0,14
49653,1,10303315,65,158513,2.3,40,23,16.9,78.3,26.0,18.0,7.0,14.0,32.0,1.0,32.0,14
45760,1,25490358,79,322663,3.0,40,30,17.7,70.0,16.0,21.0,17.0,25.0,18.0,8.0,53.0,9
40946,1,884300,11,80391,1.5,9,4,45.5,75.0,1.0,3.0,8.0,1.0,2.0,1.0,9.0,24
40954,1,2287240,37,61817,1.6,29,22,18.9,27.3,4.0,5.0,13.0,15.0,4.0,12.0,21.0,12
45754,1,5519897,83,66505,1.7,39,37,10.8,37.8,19.0,22.0,22.0,20.0,20.0,25.0,38.0,14
45384,1,1131636,3,377212,4.7,3,2,0.0,0.0,1.0,1.0,1.0,2.0,1.0,3.0,2.0,14
45388,1,3168089,33,96003,2.5,20,19,9.1,21.1,11.0,7.0,10.0,5.0,4.0,9.0,20.0,10
40848,1,1522472,26,58557,2.5,5,15,7.7,13.3,10.0,6.0,10.0,1.0,1.0,7.0,18.0,14
45400,1,2484517,18,138029,2.2,12,12,16.7,75.0,2.0,3.0,12.0,1.0,13.0,1.0,4.0,12
49744,1,1646590,13,126661,1.0,8,9,0.0,22.2,1.0,3.0,6.0,3.0,1.0,1.0,11.0,3
45738,1,8089450,33,245135,2.2,28,15,6.1,26.7,5.0,5.0,15.0,8.0,8.0,6.0,19.0,21
10150,1,1615500,16,100969,1.5,13,10,6.2,50.0,1.0,14.0,1.0,1.0,4.0,1.0,12.0,16
45735,1,977214,34,28742,1.6,10,18,20.6,61.1,10.0,9.0,4.0,11.0,2.0,11.0,21.0,14
49766,1,961000,5,192200,2.8,4,3,20.0,66.7,1.0,4.0,1.0,1.0,1.0,1.0,4.0,24
45718,1,3422974,51,67117,1.6,23,20,5.9,25.0,10.0,6.0,12.0,23.0,7.0,10.0,34.0,14
45401,1,1098000,11,99818,1.0,10,11,36.4,27.3,2.0,5.0,1.0,3.0,3.0,1.0,7.0,24
45409,1,5342442,36,148401,1.0,23,25,27.8,44.0,7.0,19.0,7.0,3.0,3.0,10.0,23.0,24
45712,1,1675800,21,79800,2.0,10,13,9.5,30.8,6.0,7.0,4.0,4.0,2.0,3.0,16.0,12
40800,1,4934282,27,182751,1.7,13,17,29.6,17.6,11.0,6.0,5.0,5.0,10.0,1.0,16.0,14
10187,1,1519716,24,63322,1.9,10,9,0.0,44.4,1.0,5.0,1.0,19.0,3.0,2.0,19.0,14
4826,1,2155200,21,102629,3.6,12,6,33.3,83.3,1.0,14.0,7.0,1.0,1.0,17.0,4.0,24
44949,1,4786500,61,78467,2.2,32,26,8.2,42.3,28.0,12.0,15.0,6.0,12.0,12.0,37.0,19
45076,1,582400,7,83200,1.9,7,5,14.3,20.0,4.0,1.0,1.0,1.0,2.0,1.0,4.0,12
44919,1,14252500,64,222695,2.4,31,30,67.2,30.0,21.0,1.0,22.0,20.0,4.0,10.0,50.0,8
49109,1,390600,3,130200,2.3,3,3,0.0,33.3,1.0,1.0,1.0,2.0,1.0,1.0,2.0,16
44708,1,2465472,25,98619,2.1,15,16,12.0,25.0,8.0,3.0,7.0,7.0,10.0,3.0,12.0,14
46050,1,55213026,203,271985,1.7,100,90,5.4,32.2,60.0,47.0,55.0,41.0,30.0,42.0,131.0,3
48898,1,2171896,50,43438,1.0,11,36,2.0,25.0,20.0,8.0,14.0,8.0,5.0,3.0,42.0,14
48906,1,5550400,41,135376,2.1,32,23,22.0,47.8,3.0,13.0,15.0,10.0,1.0,12.0,28.0,9
44730,1,1745591,42,41562,2.0,18,28,11.9,25.0,4.0,12.0,14.0,12.0,10.0,2.0,30.0,14
48912,1,912132,30,30404,1.5,11,14,10.0,28.6,2.0,19.0,3.0,6.0,17.0,1.0,12.0,14
48939,1,1517100,14,108364,2.0,12,8,42.9,50.0,1.0,4.0,5.0,5.0,5.0,3.0,6.0,8
44735,1,3551989,35,101485,2.0,22,18,34.3,50.0,4.0,4.0,8.0,19.0,5.0,5.0,25.0,19
9225,1,4236908,60,70615,1.9,32,37,8.3,45.9,16.0,15.0,7.0,22.0,3.0,17.0,40.0,24
48947,1,570300,3,190100,2.3,3,3,66.7,33.3,2.0,1.0,1.0,1.0,1.0,1.0,3.0,24
46045,1,2678449,7,382636,1.6,5,7,0.0,28.6,1.0,1.0,3.0,2.0,2.0,1.0,5.0,14
41511,1,894940,15,59663,1.4,11,7,26.7,42.9,3.0,3.0,1.0,8.0,1.0,5.0,10.0,24
5483,1,728500,6,121417,1.7,6,3,33.3,66.7,2.0,1.0,1.0,3.0,2.0,4.0,2.0,22
48948,1,1372600,12,114383,1.3,11,9,25.0,0.0,3.0,5.0,1.0,3.0,2.0,1.0,9.0,16
48951,1,5454898,131,41640,1.6,16,67,0.0,29.9,34.0,26.0,32.0,39.0,3.0,26.0,102.0,14
41489,1,3173409,47,67519,2.7,16,28,14.9,7.1,16.0,13.0,1.0,17.0,1.0,1.0,45.0,14
48955,1,3332497,106,31439,1.4,27,43,3.8,25.6,20.0,19.0,22.0,45.0,12.0,8.0,86.0,14
48960,1,4704996,20,235250,2.3,9,12,60.0,33.3,2.0,2.0,9.0,7.0,7.0,1.0,13.0,8
9278,1,633100,6,105517,2.7,6,5,16.7,60.0,2.0,1.0,1.0,3.0,1.0,1.0,5.0,12
9284,1,483200,8,60400,1.0,6,7,0.0,85.7,2.0,2.0,2.0,2.0,1.0,3.0,4.0,12
9294,1,5649660,35,161419,2.2,22,17,8.6,70.6,13.0,1.0,12.0,9.0,5.0,9.0,21.0,19
46025,1,2059586,28,73557,1.9,22,17,7.1,58.8,3.0,7.0,9.0,9.0,4.0,1.0,23.0,9
4160,1,2080700,24,86696,1.3,20,12,4.2,58.3,7.0,2.0,2.0,13.0,1.0,14.0,10.0,9
45999,1,1179400,11,107218,2.3,11,5,9.1,80.0,2.0,4.0,2.0,3.0,1.0,3.0,8.0,11
41482,1,2684465,48,55926,1.1,29,26,16.7,34.6,18.0,14.0,13.0,3.0,7.0,12.0,29.0,24
49038,1,1422500,9,158056,1.9,8,8,22.2,75.0,1.0,3.0,5.0,1.0,1.0,3.0,6.0,24
49070,1,15509558,86,180344,2.1,42,47,47.7,36.2,32.0,12.0,28.0,14.0,20.0,5.0,61.0,24
49078,1,2337100,11,212464,2.9,10,9,27.3,33.3,2.0,5.0,2.0,2.0,5.0,1.0,6.0,22
49080,1,25000,3,8333,2.3,1,1,100.0,100.0,3.0,1.0,1.0,1.0,1.0,1.0,3.0,24
48839,1,2398600,36,66628,2.2,25,18,25.0,22.2,8.0,6.0,2.0,20.0,4.0,19.0,13.0,3
41550,1,4894973,90,54389,1.5,14,57,7.8,29.8,17.0,18.0,20.0,35.0,32.0,3.0,55.0,14
41575,1,1971120,16,123195,2.6,12,8,0.0,25.0,2.0,3.0,6.0,5.0,7.0,1.0,9.0,16
48768,1,25740907,153,168241,1.9,55,93,4.6,32.3,37.0,32.0,34.0,50.0,68.0,4.0,81.0,14
41749,1,3507123,38,92293,2.9,17,18,18.4,44.4,13.0,7.0,15.0,3.0,1.0,12.0,25.0,9
48718,1,3997700,23,173813,3.4,10,16,69.6,0.0,4.0,2.0,5.0,12.0,3.0,1.0,20.0,8
41729,1,6517796,51,127800,1.9,21,21,15.7,23.8,18.0,6.0,11.0,16.0,20.0,2.0,29.0,14
9017,1,1875887,26,72150,1.9,15,14,7.7,50.0,11.0,3.0,8.0,4.0,9.0,2.0,15.0,12
48747,1,990300,7,141471,2.1,7,5,14.3,80.0,5.0,1.0,1.0,1.0,3.0,2.0,2.0,22
41728,1,5516100,85,64895,1.3,41,54,10.6,25.9,16.0,31.0,23.0,15.0,21.0,13.0,51.0,15
41723,1,3070967,66,46530,1.6,11,48,1.5,41.7,18.0,6.0,14.0,28.0,15.0,34.0,17.0,14
4096,1,891400,17,52435,1.4,12,9,29.4,22.2,4.0,5.0,2.0,6.0,6.0,8.0,3.0,9
41701,1,5523511,142,38898,1.2,29,85,3.5,30.6,35.0,41.0,24.0,42.0,28.0,15.0,99.0,14
4097,1,463350,9,51483,1.9,7,9,44.4,77.8,2.0,4.0,2.0,1.0,1.0,3.0,5.0,24
48760,1,6167203,60,102787,2.7,30,27,1.7,7.4,14.0,10.0,7.0,29.0,14.0,2.0,44.0,9
48763,1,8076264,90,89736,1.8,54,37,5.6,21.6,28.0,26.0,23.0,13.0,48.0,9.0,33.0,13
48766,1,8906257,144,61849,1.5,32,71,4.2,38.0,23.0,47.0,20.0,54.0,1.0,23.0,120.0,14
48772,1,5651555,57,99150,2.2,26,28,54.4,35.7,7.0,8.0,11.0,31.0,11.0,9.0,37.0,8
41589,1,1054000,7,150571,1.6,6,5,71.4,60.0,1.0,3.0,3.0,1.0,1.0,1.0,6.0,24
9028,1,465444,14,33246,1.6,9,8,7.1,37.5,1.0,4.0,6.0,3.0,1.0,2.0,11.0,13
48778,1,4846500,25,193860,2.6,13,15,20.0,20.0,14.0,1.0,2.0,9.0,1.0,2.0,22.0,9
41645,1,448240,15,29883,1.5,8,5,13.3,20.0,1.0,3.0,9.0,2.0,3.0,1.0,11.0,14
41620,1,4138800,47,88060,2.2,30,21,8.5,33.3,19.0,8.0,2.0,18.0,9.0,9.0,29.0,12
48798,1,1439500,42,34274,2.6,23,21,2.4,38.1,13.0,1.0,25.0,4.0,6.0,2.0,34.0,10
41614,1,6359540,36,176654,2.9,33,21,8.3,9.5,13.0,12.0,6.0,5.0,4.0,2.0,30.0,4
41598,1,4736868,119,39806,2.0,46,42,0.8,26.2,32.0,31.0,21.0,35.0,29.0,15.0,75.0,14
5569,1,12085744,39,309891,2.9,26,18,30.8,55.6,9.0,10.0,13.0,7.0,8.0,12.0,19.0,19
44694,1,1419050,32,44345,3.6,24,17,9.4,29.4,10.0,4.0,8.0,10.0,11.0,1.0,21.0,7
40672,1,10955440,47,233094,3.3,43,18,6.4,50.0,16.0,12.0,11.0,8.0,6.0,1.0,41.0,10
48811,1,1445300,19,76068,2.2,7,13,5.3,7.7,4.0,3.0,9.0,3.0,2.0,2.0,15.0,14
48828,1,6796953,52,130711,2.2,27,28,26.9,39.3,13.0,15.0,20.0,4.0,29.0,1.0,23.0,24
44704,1,5005872,95,52693,1.9,33,31,3.2,19.4,14.0,33.0,19.0,29.0,8.0,23.0,64.0,14
41457,1,3668418,26,141093,2.5,18,13,30.8,38.5,5.0,7.0,5.0,9.0,6.0,2.0,18.0,8
46041,1,3965600,10,396560,3.2,8,9,60.0,33.3,2.0,4.0,1.0,4.0,1.0,4.0,6.0,8
49136,1,7721983,69,111913,2.1,38,28,5.8,50.0,12.0,27.0,20.0,10.0,6.0,22.0,41.0,14
45954,1,1589878,18,88327,2.7,14,10,16.7,90.0,2.0,5.0,6.0,5.0,1.0,7.0,10.0,22
41389,1,110000,3,36667,1.0,3,2,33.3,0.0,1.0,1.0,3.0,1.0,1.0,1.0,3.0,11
49192,1,900200,14,64300,1.6,8,11,14.3,27.3,1.0,10.0,2.0,2.0,2.0,1.0,12.0,14
45981,1,2449123,22,111324,2.2,17,13,0.0,46.2,5.0,2.0,11.0,4.0,2.0,5.0,15.0,9
49215,1,3030963,96,31573,1.8,34,67,9.4,32.8,19.0,24.0,37.0,16.0,11.0,9.0,76.0,14
44874,1,4703900,31,151739,1.0,16,15,58.1,60.0,6.0,10.0,14.0,1.0,1.0,2.0,28.0,24
44901,1,418000,3,139333,1.0,3,2,0.0,0.0,2.0,1.0,1.0,1.0,1.0,1.0,3.0,15
49127,1,18162433,142,127904,1.4,60,47,19.0,31.9,42.0,34.0,14.0,52.0,43.0,2.0,97.0,14
41354,1,2296208,18,127567,2.1,11,11,16.7,9.1,9.0,4.0,2.0,3.0,2.0,5.0,11.0,24
49174,1,4448366,37,120226,2.5,18,25,5.4,60.0,2.0,5.0,9.0,21.0,2.0,3.0,32.0,14
49118,1,1478393,17,86964,3.6,9,9,11.8,0.0,4.0,1.0,1.0,13.0,1.0,2.0,15.0,10
44904,1,1597236,23,69445,2.1,11,12,21.7,8.3,6.0,3.0,2.0,12.0,1.0,1.0,21.0,9
41454,1,206000,2,103000,2.0,2,1,0.0,0.0,1.0,2.0,1.0,1.0,1.0,1.0,2.0,22
41391,1,506166,6,84361,1.3,6,3,16.7,0.0,1.0,1.0,4.0,2.0,1.0,1.0,5.0,11
41377,1,8067201,28,288114,1.1,18,20,17.9,45.0,3.0,8.0,5.0,12.0,7.0,3.0,18.0,14
41410,1,8132278,21,387251,2.0,19,13,23.8,38.5,2.0,2.0,13.0,4.0,4.0,7.0,10.0,12
46868,0,3922296,45,87162,2.0,15,36,22.2,19.4,9.0,12.0,10.0,14.0,4.0,12.0,29.0,14
46461,0,9583200,22,435600,2.3,11,10,54.5,80.0,8.0,2.0,8.0,4.0,6.0,2.0,14.0,8
32110,0,616090,7,88013,2.1,6,5,14.3,40.0,1.0,1.0,1.0,5.0,1.0,1.0,6.0,14
32680,0,1291000,7,184429,1.9,4,5,0.0,20.0,1.0,1.0,7.0,1.0,1.0,1.0,5.0,24
32496,0,3566291,125,28530,1.3,24,86,1.6,22.1,25.0,28.0,23.0,49.0,14.0,37.0,74.0,14
32706,0,5317954,60,88633,2.4,36,28,3.3,17.9,20.0,12.0,8.0,20.0,27.0,5.0,28.0,13
46138,0,3661654,14,261547,1.7,11,7,7.1,42.9,1.0,1.0,11.0,2.0,5.0,1.0,8.0,19
33009,0,2191375,31,70690,2.0,11,21,19.4,38.1,7.0,4.0,12.0,8.0,3.0,7.0,21.0,24
32777,0,2820320,45,62674,2.4,27,20,4.4,60.0,4.0,20.0,6.0,15.0,1.0,1.0,44.0,11
46459,0,1529760,20,76488,1.8,16,5,10.0,20.0,1.0,1.0,17.0,2.0,1.0,2.0,18.0,12
46057,0,231000,2,115500,2.0,2,2,0.0,0.0,1.0,1.0,1.0,1.0,1.0,1.0,2.0,16
32101,0,1048163,39,26876,1.6,7,31,2.6,16.1,1.0,25.0,14.0,1.0,9.0,3.0,27.0,14
32743,0,1653700,18,91872,2.0,13,12,22.2,8.3,2.0,10.0,2.0,4.0,1.0,1.0,17.0,21
32095,0,1439500,16,89969,2.6,10,10,6.2,30.0,3.0,2.0,8.0,3.0,1.0,2.0,13.0,12
46137,0,12962940,89,145651,2.5,41,30,24.7,36.7,42.0,12.0,22.0,13.0,10.0,10.0,69.0,24
46848,0,6509719,69,94344,1.6,30,44,14.5,15.9,8.0,15.0,29.0,17.0,1.0,36.0,33.0,14
32577,0,5239936,64,81874,1.7,38,28,10.9,14.3,8.0,14.0,20.0,22.0,23.0,6.0,35.0,9
33435,0,7272489,125,58180,1.3,33,77,2.4,37.7,22.0,24.0,37.0,42.0,3.0,32.0,90.0,14
32485,0,907200,11,82473,2.5,9,8,9.1,50.0,4.0,3.0,2.0,2.0,1.0,2.0,9.0,19
33347,0,2973707,56,53102,1.7,22,22,3.6,27.3,14.0,6.0,10.0,26.0,5.0,5.0,46.0,14
32183,0,1387400,11,126127,3.1,8,10,9.1,0.0,3.0,2.0,6.0,1.0,6.0,1.0,4.0,11
32179,0,680000,6,113333,3.0,6,6,16.7,0.0,2.0,2.0,1.0,1.0,2.0,1.0,4.0,8
45922,0,125200,2,62600,2.0,2,1,0.0,0.0,2.0,1.0,1.0,1.0,1.0,1.0,2.0,14
32678,0,4732535,51,92795,2.4,25,19,3.9,36.8,14.0,7.0,13.0,17.0,1.0,27.0,24.0,14
32168,0,812000,5,162400,2.2,1,3,100.0,66.7,1.0,1.0,3.0,1.0,1.0,3.0,1.0,24
32957,0,519105,14,37079,1.4,10,9,21.4,44.4,3.0,5.0,4.0,2.0,1.0,2.0,11.0,17
45932,0,1809000,16,113062,2.0,12,12,6.2,33.3,5.0,5.0,6.0,1.0,1.0,2.0,14.0,24
46816,0,527000,9,58556,2.3,7,7,0.0,28.6,1.0,1.0,2.0,5.0,1.0,2.0,7.0,3
32125,0,9551420,70,136449,2.5,40,28,10.0,28.6,19.0,12.0,15.0,24.0,44.0,3.0,23.0,9
33356,0,60000,2,30000,1.0,2,2,50.0,50.0,1.0,1.0,1.0,1.0,1.0,1.0,2.0,4
32123,0,1583464,33,47984,1.1,17,19,0.0,47.4,6.0,5.0,15.0,7.0,1.0,8.0,25.0,14
46817,0,5482669,38,144281,2.3,23,26,23.7,11.5,6.0,11.0,11.0,10.0,11.0,1.0,27.0,9
32056,0,2327303,36,64647,1.4,12,20,13.9,20.0,9.0,13.0,9.0,5.0,2.0,1.0,34.0,14
32566,0,3162022,56,56465,1.6,27,25,7.1,40.0,24.0,7.0,7.0,18.0,12.0,17.0,27.0,14
32545,0,928023,14,66287,1.4,8,12,14.3,25.0,7.0,3.0,1.0,3.0,4.0,3.0,7.0,19
33412,0,9384474,62,151362,2.5,31,30,21.0,10.0,10.0,15.0,34.0,3.0,5.0,4.0,53.0,8
46845,0,848532,12,70711,2.2,5,5,25.0,60.0,9.0,1.0,1.0,2.0,1.0,3.0,9.0,7
33441,0,3986570,36,110738,2.2,19,14,8.3,7.1,6.0,8.0,19.0,3.0,2.0,1.0,33.0,9
32047,0,551316,11,50120,1.5,10,9,9.1,11.1,1.0,2.0,3.0,5.0,1.0,1.0,9.0,14
33514,0,1182940,11,107540,1.7,10,4,9.1,75.0,2.0,7.0,2.0,1.0,1.0,4.0,7.0,18
31933,0,20986586,82,255934,2.5,44,42,40.2,11.9,19.0,20.0,19.0,24.0,7.0,12.0,63.0,8
32739,0,8948900,187,47855,1.8,67,89,4.8,24.7,31.0,23.0,71.0,62.0,70.0,16.0,101.0,14
46940,0,686207,14,49015,1.7,8,6,7.1,0.0,1.0,6.0,1.0,7.0,1.0,1.0,14.0,6
31917,0,1887307,21,89872,2.2,13,6,0.0,33.3,5.0,1.0,1.0,15.0,10.0,7.0,4.0,7
46389,0,15082758,330,45705,1.3,62,156,0.3,41.7,82.0,109.0,80.0,59.0,45.0,89.0,196.0,14
31905,0,541000,7,77286,2.7,5,5,14.3,0.0,1.0,5.0,2.0,1.0,1.0,1.0,6.0,20
46417,0,155600,2,77800,3.0,2,2,50.0,100.0,1.0,1.0,1.0,1.0,1.0,1.0,2.0,13
45942,0,12822822,124,103410,1.7,45,67,4.8,31.3,31.0,39.0,26.0,28.0,18.0,18.0,88.0,14
32718,0,3282940,27,121590,1.0,22,18,0.0,33.3,10.0,4.0,8.0,5.0,17.0,2.0,8.0,16
46452,0,349812,16,21863,1.5,5,8,6.2,25.0,4.0,1.0,11.0,1.0,1.0,1.0,16.0,14
45675,0,7641312,49,155945,1.9,28,15,28.6,40.0,1.0,11.0,35.0,3.0,1.0,17.0,32.0,8
31901,0,1871020,21,89096,1.7,17,10,14.3,0.0,2.0,1.0,6.0,12.0,8.0,6.0,7.0,9
32987,0,697020,18,38723,2.0,10,5,0.0,20.0,3.0,2.0,1.0,13.0,1.0,1.0,18.0,3
31898,0,1327600,13,102123,1.2,10,9,15.4,33.3,1.0,1.0,2.0,10.0,1.0,7.0,6.0,12
46067,0,1965767,25,78631,2.7,13,11,4.0,27.3,1.0,12.0,6.0,6.0,15.0,1.0,10.0,13
32736,0,2015425,22,91610,2.2,19,11,4.5,81.8,10.0,5.0,1.0,6.0,1.0,12.0,9.0,12
32517,0,4047508,47,86117,1.9,27,23,6.4,56.5,17.0,5.0,13.0,12.0,14.0,9.0,24.0,13
45648,0,5418840,61,88833,2.7,38,28,3.3,53.6,11.0,8.0,31.0,11.0,1.0,27.0,34.0,14
31941,0,8819907,48,183748,3.4,33,19,4.2,31.6,18.0,18.0,1.0,12.0,4.0,2.0,42.0,12
46928,0,3831210,31,123587,3.1,20,11,32.3,45.5,6.0,11.0,7.0,7.0,1.0,18.0,13.0,24
32035,0,203200,3,67733,2.3,3,2,33.3,0.0,1.0,1.0,1.0,3.0,3.0,1.0,2.0,24
32974,0,546000,14,39000,1.6,11,7,7.1,42.9,4.0,1.0,2.0,7.0,1.0,5.0,9.0,12
32512,0,1311800,9,145756,2.4,8,6,22.2,16.7,1.0,7.0,1.0,2.0,1.0,1.0,7.0,21
46153,0,6370616,91,70007,1.0,46,52,12.1,46.2,21.0,33.0,25.0,12.0,12.0,34.0,45.0,14
32020,0,6500633,67,97024,2.0,32,36,3.0,25.0,11.0,15.0,11.0,30.0,11.0,12.0,44.0,12
46902,0,3392984,66,51409,1.8,20,40,13.6,42.5,8.0,13.0,11.0,34.0,3.0,3.0,60.0,14
33445,0,1559750,14,111411,2.4,6,9,0.0,55.6,4.0,7.0,3.0,1.0,2.0,1.0,12.0,14
46338,0,22156204,334,66336,1.4,66,173,14.4,24.9,89.0,66.0,88.0,91.0,119.0,34.0,181.0,14
33003,0,11592795,106,109366,1.7,30,58,3.8,36.2,19.0,23.0,29.0,35.0,27.0,6.0,73.0,14
46455,0,17683758,68,260055,2.5,43,26,38.2,42.3,12.0,25.0,21.0,10.0,7.0,8.0,53.0,8
32994,0,2480714,30,82690,2.1,11,10,33.3,30.0,6.0,1.0,20.0,4.0,13.0,3.0,14.0,12
46350,0,1319500,15,87967,1.9,14,9,0.0,0.0,3.0,6.0,4.0,2.0,5.0,2.0,8.0,11
32991,0,152000,1,152000,3.0,1,1,0.0,0.0,1.0,1.0,1.0,1.0,1.0,1.0,2.0,24
46926,0,347000,4,86750,2.5,3,3,75.0,0.0,1.0,1.0,1.0,3.0,3.0,1.0,1.0,24
45967,0,2862740,28,102241,2.4,20,18,10.7,22.2,17.0,2.0,1.0,9.0,1.0,11.0,16.0,3
32717,0,3303456,24,137644,2.1,12,19,20.8,31.6,1.0,10.0,14.0,1.0,2.0,8.0,14.0,5
33486,0,97000,1,97000,3.0,1,1,0.0,0.0,1.0,1.0,1.0,1.0,1.0,1.0,2.0,24
31966,0,726630,20,36332,1.6,7,9,0.0,22.2,1.0,3.0,3.0,14.0,3.0,7.0,10.0,9
46103,0,6606900,43,153649,1.2,15,30,76.7,10.0,9.0,9.0,15.0,10.0,10.0,5.0,28.0,24
33499,0,5830691,93,62696,2.3,33,46,15.1,39.1,15.0,32.0,33.0,13.0,26.0,19.0,48.0,14
46805,0,7469594,54,138326,2.0,27,33,13.0,15.2,15.0,8.0,14.0,17.0,19.0,1.0,35.0,14
46801,0,1250200,6,208367,2.7,6,4,16.7,25.0,1.0,1.0,1.0,6.0,1.0,1.0,5.0,9
33064,0,2206529,26,84866,2.1,17,18,34.6,44.4,7.0,8.0,3.0,8.0,1.0,7.0,19.0,14
32807,0,123000,1,123000,3.0,1,1,100.0,0.0,1.0,1.0,1.0,1.0,1.0,1.0,1.0,24
32613,0,19304708,124,155683,1.6,57,51,25.0,54.9,17.0,26.0,37.0,44.0,21.0,1.0,102.0,19
32909,0,1436123,26,55236,1.5,20,11,0.0,36.4,9.0,2.0,12.0,3.0,5.0,2.0,19.0,14
32902,0,2191200,28,78257,2.5,21,17,7.1,52.9,5.0,14.0,5.0,4.0,17.0,1.0,11.0,12
32869,0,4165500,33,126227,2.4,20,15,3.0,26.7,9.0,5.0,9.0,10.0,5.0,4.0,24.0,11
46000,0,8487400,26,326438,2.4,10,14,57.7,35.7,1.0,11.0,11.0,4.0,7.0,3.0,16.0,8
33232,0,1114420,12,92868,1.7,8,5,25.0,80.0,1.0,1.0,6.0,6.0,1.0,11.0,1.0,14
32616,0,3164485,31,102080,1.3,13,14,0.0,42.9,7.0,2.0,17.0,5.0,1.0,1.0,31.0,14
46289,0,6528700,32,204022,2.5,20,11,28.1,54.5,2.0,15.0,6.0,9.0,6.0,7.0,19.0,13
46264,0,1149037,7,164148,2.7,6,5,28.6,60.0,1.0,1.0,4.0,3.0,1.0,2.0,5.0,24
32303,0,4672972,102,45813,1.2,35,67,8.8,23.9,22.0,41.0,27.0,12.0,28.0,1.0,74.0,14
32857,0,1318140,16,82384,3.4,8,7,0.0,14.3,1.0,9.0,2.0,5.0,2.0,9.0,5.0,13
32573,0,673491,17,39617,1.6,6,11,5.9,18.2,2.0,2.0,3.0,10.0,1.0,10.0,6.0,14
32300,0,8471799,30,282393,2.0,19,18,20.0,33.3,5.0,21.0,1.0,4.0,4.0,5.0,21.0,14
46258,0,11632500,149,78070,2.3,55,55,43.6,54.5,51.0,31.0,18.0,49.0,21.0,34.0,94.0,24
46539,0,4274550,58,73699,1.7,31,33,5.2,15.2,11.0,13.0,20.0,14.0,19.0,13.0,26.0,14
45978,0,10437839,138,75637,1.4,36,111,6.5,32.4,22.0,49.0,30.0,37.0,5.0,104.0,29.0,14
32289,0,6291745,53,118712,2.1,37,24,1.9,16.7,18.0,15.0,7.0,13.0,16.0,1.0,37.0,12
46519,0,2930300,24,122096,1.5,18,10,4.2,20.0,1.0,1.0,8.0,15.0,1.0,5.0,19.0,13
32398,0,991660,23,43116,1.7,10,19,13.0,15.8,7.0,5.0,3.0,8.0,1.0,7.0,15.0,12
33222,0,6691964,47,142382,2.0,28,20,14.9,50.0,8.0,16.0,16.0,7.0,3.0,21.0,23.0,10
32738,0,10531240,89,118329,2.3,52,23,3.4,87.0,24.0,23.0,16.0,26.0,10.0,21.0,58.0,24
32604,0,24000,1,24000,1.0,1,1,100.0,100.0,1.0,1.0,1.0,1.0,1.0,1.0,2.0,24
33151,0,588100,13,45238,2.1,10,10,0.0,40.0,6.0,1.0,1.0,7.0,1.0,6.0,7.0,7
32603,0,2910853,42,69306,1.5,22,26,0.0,34.6,18.0,10.0,7.0,7.0,8.0,5.0,29.0,14
46601,0,3686694,65,56718,2.1,25,35,18.5,31.4,5.0,34.0,8.0,18.0,19.0,7.0,39.0,14
33183,0,3206218,121,26498,1.5,28,76,0.8,10.5,20.0,30.0,27.0,44.0,17.0,2.0,102.0,14
33184,0,8230800,34,242082,4.2,22,13,11.8,23.1,17.0,8.0,3.0,6.0,1.0,2.0,32.0,5
33191,0,1697640,24,70735,1.6,16,11,16.7,45.5,4.0,4.0,4.0,12.0,1.0,7.0,17.0,9
32941,0,5444415,41,132791,2.0,24,12,17.1,33.3,21.0,1.0,15.0,5.0,18.0,1.0,23.0,14
45850,0,1379532,39,35373,2.3,24,14,2.6,42.9,12.0,4.0,9.0,14.0,4.0,1.0,35.0,11
45820,0,5473565,56,97742,1.8,14,29,32.1,17.2,18.0,16.0,13.0,9.0,6.0,1.0,50.0,14
32936,0,3276035,75,43680,1.9,34,39,17.3,33.3,24.0,13.0,26.0,12.0,3.0,25.0,47.0,24
45816,0,2976000,6,496000,2.3,5,2,0.0,50.0,1.0,1.0,1.0,5.0,2.0,1.0,4.0,5
32342,0,2048100,31,66068,1.8,24,18,3.2,33.3,6.0,4.0,12.0,9.0,24.0,1.0,6.0,13
46559,0,2954874,31,95319,3.6,20,23,41.9,17.4,13.0,5.0,2.0,11.0,2.0,1.0,28.0,8
32339,0,1858881,90,20654,1.2,15,52,1.1,28.8,29.0,17.0,19.0,25.0,14.0,13.0,63.0,14
46543,0,5774939,34,169851,2.2,25,12,26.5,16.7,3.0,3.0,20.0,8.0,1.0,1.0,34.0,24
33212,0,1501014,53,28321,1.4,29,25,5.7,36.0,5.0,2.0,29.0,17.0,1.0,10.0,42.0,12
45983,0,2939100,20,146955,3.5,15,12,5.0,25.0,2.0,7.0,9.0,2.0,11.0,1.0,9.0,9
33216,0,1030800,15,68720,1.5,11,7,6.7,14.3,1.0,1.0,3.0,12.0,4.0,8.0,3.0,16
33217,0,1328261,11,120751,5.0,6,4,45.5,100.0,1.0,5.0,5.0,1.0,2.0,1.0,8.0,8
46657,0,4357598,17,256329,3.3,9,12,23.5,25.0,7.0,7.0,3.0,1.0,1.0,1.0,17.0,14
46510,0,4771584,21,227218,2.4,10,10,28.6,20.0,10.0,10.0,1.0,1.0,7.0,6.0,8.0,24
46209,0,1348502,34,39662,1.4,6,19,14.7,26.3,5.0,11.0,8.0,10.0,1.0,8.0,25.0,14
32209,0,146128,3,48709,1.0,3,1,0.0,0.0,1.0,3.0,1.0,1.0,1.0,1.0,3.0,3
33330,0,1608300,9,178700,2.8,8,4,11.1,50.0,2.0,2.0,5.0,1.0,2.0,1.0,6.0,23
32241,0,937879,17,55169,2.3,12,6,23.5,33.3,3.0,1.0,3.0,11.0,1.0,1.0,17.0,24
32643,0,295000,1,295000,1.0,1,1,100.0,100.0,1.0,1.0,1.0,1.0,1.0,1.0,2.0,24
32233,0,149000,2,74500,1.0,2,1,0.0,0.0,2.0,1.0,1.0,1.0,1.0,1.0,2.0,13
46197,0,4178906,39,107151,1.1,28,20,12.8,25.0,8.0,5.0,6.0,20.0,13.0,4.0,22.0,9
33337,0,331902,15,22127,1.0,7,10,6.7,50.0,4.0,2.0,5.0,4.0,1.0,9.0,6.0,14
32218,0,4885016,20,244251,1.9,10,12,10.0,50.0,9.0,4.0,4.0,3.0,4.0,15.0,1.0,5
32210,0,1891140,16,118196,2.9,5,9,68.8,66.7,3.0,3.0,8.0,2.0,5.0,1.0,11.0,24
46048,0,939920,24,39163,1.8,15,13,8.3,61.5,4.0,6.0,12.0,2.0,1.0,7.0,17.0,13
45972,0,1911803,15,127454,1.5,6,11,33.3,27.3,1.0,6.0,8.0,1.0,1.0,6.0,9.0,24
46049,0,4282856,143,29950,1.1,12,91,0.7,24.2,35.0,29.0,38.0,41.0,2.0,19.0,122.0,14
32206,0,2984914,56,53302,1.4,16,23,0.0,47.8,16.0,4.0,21.0,15.0,4.0,9.0,43.0,14
32668,0,6329600,29,218262,2.6,21,16,13.8,6.2,7.0,6.0,8.0,8.0,3.0,1.0,25.0,9
33099,0,5102320,58,87971,2.1,36,29,3.4,65.5,11.0,13.0,20.0,14.0,4.0,21.0,33.0,11
45752,0,6280694,29,216576,1.0,14,15,34.5,86.7,3.0,4.0,13.0,9.0,19.0,6.0,4.0,15
32355,0,32000,1,32000,1.0,1,1,100.0,0.0,1.0,1.0,1.0,1.0,1.0,1.0,1.0,24
32199,0,5387959,80,67349,1.4,42,44,2.5,31.8,27.0,15.0,12.0,26.0,12.0,15.0,53.0,14
33344,0,261902,8,32738,1.2,5,4,25.0,0.0,1.0,3.0,1.0,5.0,1.0,1.0,8.0,14
32436,0,1516400,9,168489,3.3,9,8,11.1,25.0,1.0,3.0,4.0,2.0,1.0,1.0,8.0,12
32268,0,1445217,25,57809,1.6,10,19,12.0,31.6,2.0,5.0,13.0,5.0,7.0,2.0,16.0,14
45763,0,7977800,40,199445,4.2,30,25,5.0,16.0,16.0,6.0,6.0,12.0,3.0,4.0,33.0,22
46488,0,6720000,28,240000,2.9,18,19,64.3,31.6,1.0,4.0,8.0,15.0,4.0,3.0,21.0,8
45761,0,1760200,11,160018,2.6,5,5,54.5,20.0,2.0,1.0,5.0,3.0,3.0,1.0,8.0,24
33126,0,3597993,56,64250,2.1,21,32,12.5,40.6,10.0,14.0,20.0,12.0,2.0,4.0,50.0,14
32637,0,4550757,42,108351,2.5,23,10,0.0,30.0,9.0,1.0,8.0,25.0,6.0,9.0,27.0,12
46034,0,3542972,6,590495,1.7,4,5,33.3,60.0,1.0,3.0,1.0,2.0,1.0,2.0,3.0,14
32285,0,1564800,9,173867,2.1,9,5,11.1,20.0,5.0,1.0,1.0,3.0,6.0,2.0,1.0,9
46037,0,306000,6,51000,2.0,4,3,50.0,0.0,4.0,1.0,1.0,2.0,1.0,1.0,6.0,22
46711,0,10809898,147,73537,1.4,46,67,24.5,23.9,32.0,46.0,36.0,33.0,42.0,19.0,86.0,14
46728,0,3197667,42,76135,1.1,24,23,11.9,56.5,12.0,6.0,14.0,10.0,5.0,7.0,30.0,14
45949,0,12243187,60,204053,2.2,19,33,31.7,42.4,12.0,20.0,10.0,18.0,9.0,1.0,51.0,8
32270,0,7875857,99,79554,2.3,42,31,13.1,19.4,31.0,9.0,29.0,30.0,2.0,25.0,72.0,14
33257,0,4786577,42,113966,1.0,26,17,16.7,23.5,26.0,13.0,1.0,3.0,11.0,2.0,29.0,9
46480,0,2129750,57,37364,1.8,25,33,35.1,45.5,11.0,13.0,23.0,10.0,11.0,13.0,33.0,24
32414,0,1371045,49,27981,1.6,20,24,2.0,16.7,12.0,10.0,7.0,20.0,2.0,1.0,47.0,14
45758,0,20340855,70,290584,2.5,26,30,44.3,36.7,16.0,27.0,13.0,14.0,21.0,1.0,49.0,24
45977,0,4252577,50,85052,2.4,21,20,8.0,20.0,23.0,5.0,11.0,11.0,1.0,4.0,45.0,19
32415,0,3160286,34,92950,2.6,13,20,2.9,30.0,8.0,13.0,5.0,8.0,8.0,6.0,20.0,11
46787,0,2228800,21,106133,2.2,13,15,4.8,40.0,9.0,4.0,1.0,7.0,5.0,6.0,10.0,14
33298,0,1130716,16,70670,1.9,6,8,25.0,25.0,5.0,2.0,7.0,2.0,1.0,2.0,14.0,14
46163,0,4678271,49,95475,1.9,29,33,6.1,6.1,12.0,6.0,14.0,17.0,16.0,5.0,28.0,5
40671,0,4366410,29,150566,2.6,17,12,17.2,41.7,10.0,9.0,6.0,4.0,8.0,2.0,19.0,21
31872,0,2226265,22,101194,2.5,14,10,4.5,60.0,2.0,10.0,4.0,6.0,4.0,1.0,18.0,21
29688,0,5013000,11,455727,1.4,11,4,18.2,25.0,9.0,1.0,2.0,1.0,1.0,1.0,11.0,1
49018,0,619114,17,36418,1.6,10,9,11.8,11.1,1.0,8.0,7.0,2.0,1.0,4.0,12.0,14
49010,0,1435699,34,42226,1.6,10,27,26.5,33.3,12.0,8.0,6.0,8.0,27.0,1.0,7.0,14
48983,0,3699964,52,71153,3.6,17,21,38.5,57.1,34.0,3.0,7.0,8.0,3.0,17.0,32.0,24
29725,0,99000,7,14143,1.0,4,5,0.0,20.0,2.0,4.0,1.0,1.0,2.0,1.0,5.0,24
48972,0,1118500,10,111850,5.5,6,7,30.0,14.3,1.0,2.0,1.0,7.0,7.0,1.0,3.0,13
29729,0,6649000,51,130373,3.0,36,13,3.9,92.3,20.0,7.0,6.0,18.0,1.0,19.0,32.0,10
48969,0,2298521,30,76617,2.3,18,13,16.7,46.2,17.0,2.0,1.0,11.0,6.0,13.0,11.0,24
29742,0,154000,2,77000,3.0,2,2,50.0,0.0,1.0,1.0,1.0,1.0,1.0,1.0,1.0,24
29749,0,795000,7,113571,1.3,7,3,14.3,0.0,1.0,1.0,7.0,1.0,1.0,3.0,4.0,7
29765,0,1637600,11,148873,2.5,11,5,0.0,20.0,3.0,1.0,1.0,8.0,5.0,2.0,4.0,11
29766,0,116000,2,58000,1.0,2,1,100.0,0.0,1.0,1.0,1.0,2.0,1.0,2.0,2.0,24
29771,0,302758,7,43251,1.0,6,3,0.0,33.3,1.0,1.0,6.0,1.0,1.0,1.0,6.0,14
29799,0,307000,5,61400,2.2,5,4,20.0,50.0,1.0,1.0,3.0,1.0,2.0,1.0,3.0,16
48910,0,2578000,11,234364,1.4,7,4,18.2,50.0,2.0,1.0,9.0,1.0,2.0,1.0,9.0,9
29817,0,2072388,55,37680,1.7,33,25,21.8,40.0,19.0,21.0,4.0,11.0,8.0,2.0,45.0,3
48900,0,1925058,17,113239,1.7,9,10,11.8,20.0,3.0,5.0,2.0,7.0,2.0,3.0,12.0,14
48851,0,3155332,50,63107,2.1,15,27,26.0,14.8,12.0,26.0,3.0,9.0,5.0,8.0,37.0,14
48850,0,10564869,73,144724,2.2,19,42,27.4,35.7,13.0,27.0,19.0,14.0,5.0,13.0,55.0,24
29831,0,2829551,51,55481,2.0,27,22,0.0,31.8,21.0,2.0,23.0,5.0,22.0,13.0,16.0,3
29695,0,2755185,59,46698,1.4,27,26,8.5,26.9,17.0,24.0,9.0,9.0,1.0,15.0,44.0,14
29664,0,2946343,68,43329,1.6,13,51,0.0,35.3,31.0,20.0,7.0,10.0,1.0,48.0,20.0,13
49314,0,3492700,24,145529,2.4,16,12,41.7,41.7,1.0,5.0,10.0,8.0,1.0,6.0,17.0,24
49100,0,14219016,134,106112,1.4,36,96,14.9,24.0,41.0,34.0,31.0,28.0,16.0,13.0,105.0,14
49300,0,6081920,24,253413,1.7,13,15,66.7,26.7,5.0,6.0,4.0,9.0,10.0,2.0,12.0,24
29511,0,3885821,70,55512,1.5,25,32,2.9,46.9,7.0,15.0,29.0,19.0,38.0,4.0,28.0,14
29521,0,1198892,25,47956,1.6,9,20,8.0,35.0,8.0,11.0,3.0,3.0,3.0,2.0,20.0,14
49289,0,204100,5,40820,1.0,5,4,20.0,25.0,3.0,2.0,1.0,1.0,5.0,1.0,2.0,13
29537,0,8625167,68,126841,1.7,33,31,30.9,38.7,33.0,7.0,16.0,12.0,7.0,18.0,43.0,14
29542,0,730400,12,60867,1.7,12,7,8.3,14.3,4.0,2.0,3.0,3.0,11.0,1.0,1.0,13
29557,0,12831990,80,160400,2.6,47,32,6.2,18.8,23.0,17.0,26.0,14.0,26.0,1.0,53.0,9
49268,0,1399219,26,53816,2.5,13,13,30.8,46.2,6.0,10.0,2.0,8.0,1.0,13.0,12.0,13
49264,0,365000,1,365000,6.0,1,1,100.0,100.0,1.0,1.0,1.0,1.0,1.0,1.0,2.0,24
49255,0,153400,4,38350,1.0,3,4,50.0,50.0,1.0,2.0,1.0,2.0,1.0,1.0,4.0,24
49249,0,11557831,229,50471,1.4,34,155,9.6,37.4,63.0,61.0,55.0,50.0,23.0,27.0,179.0,14
49238,0,6285700,31,202765,2.2,21,19,19.4,36.8,6.0,5.0,2.0,18.0,14.0,3.0,14.0,24
49218,0,1805649,27,66876,2.1,14,14,22.2,35.7,7.0,10.0,10.0,1.0,5.0,4.0,18.0,24
49177,0,7897118,138,57225,1.9,40,60,9.4,21.7,38.0,32.0,37.0,31.0,40.0,12.0,86.0,14
49171,0,1486100,14,106150,1.9,13,11,14.3,27.3,7.0,1.0,2.0,4.0,6.0,1.0,8.0,13
29613,0,652799,8,81600,3.0,7,6,12.5,33.3,1.0,3.0,2.0,3.0,2.0,3.0,3.0,10
49141,0,957600,11,87055,2.5,9,7,0.0,57.1,7.0,1.0,1.0,3.0,3.0,4.0,4.0,16
49132,0,1744506,38,45908,1.4,23,22,18.4,22.7,8.0,4.0,17.0,9.0,10.0,1.0,27.0,24
29641,0,16101334,76,211860,1.8,46,43,3.9,27.9,25.0,17.0,19.0,15.0,29.0,2.0,45.0,9
29832,0,2666547,37,72069,2.1,14,17,0.0,41.2,17.0,5.0,11.0,4.0,15.0,2.0,20.0,14
29878,0,153500,15,10233,1.0,4,10,6.7,20.0,6.0,4.0,1.0,4.0,1.0,7.0,7.0,14
48804,0,431200,10,43120,1.4,8,8,30.0,12.5,1.0,4.0,5.0,1.0,5.0,1.0,5.0,24
29893,0,1615794,27,59844,1.7,17,10,7.4,30.0,7.0,2.0,8.0,10.0,3.0,1.0,23.0,24
29989,0,120000,1,120000,3.0,1,1,100.0,100.0,1.0,1.0,1.0,1.0,1.0,1.0,1.0,24
48575,0,38000,1,38000,1.0,1,1,100.0,0.0,1.0,1.0,1.0,1.0,1.0,1.0,1.0,24
29993,0,721784,8,90223,1.5,4,7,12.5,57.1,1.0,1.0,5.0,2.0,1.0,2.0,6.0,14
48572,0,3000563,43,69781,2.0,20,18,9.3,38.9,5.0,8.0,4.0,26.0,5.0,16.0,22.0,14
30007,0,882000,11,80182,1.9,9,5,27.3,80.0,9.0,1.0,1.0,1.0,1.0,1.0,11.0,14
48569,0,690200,8,86275,3.2,7,5,25.0,20.0,1.0,1.0,1.0,6.0,1.0,1.0,7.0,17
30030,0,1268280,20,63414,2.0,15,9,20.0,44.4,1.0,6.0,8.0,6.0,4.0,8.0,8.0,12
30074,0,4587901,107,42878,1.5,49,66,4.7,24.2,25.0,15.0,31.0,36.0,10.0,17.0,80.0,13
30114,0,550445,9,61161,2.3,6,7,22.2,57.1,4.0,2.0,1.0,3.0,1.0,1.0,9.0,11
48484,0,864700,4,216175,2.8,3,4,50.0,25.0,1.0,1.0,2.0,1.0,1.0,1.0,3.0,24
48482,0,460300,7,65757,3.1,7,5,0.0,40.0,2.0,3.0,1.0,2.0,3.0,1.0,4.0,6
48481,0,4092237,45,90939,1.4,20,21,11.1,14.3,18.0,5.0,8.0,14.0,2.0,6.0,37.0,24
48475,0,1352840,12,112737,2.9,10,6,16.7,33.3,2.0,3.0,1.0,7.0,2.0,1.0,10.0,24
30148,0,92000,2,46000,1.0,1,1,100.0,100.0,1.0,1.0,2.0,1.0,1.0,1.0,2.0,24
30152,0,2804300,33,84979,1.2,22,9,6.1,55.6,12.0,1.0,11.0,10.0,9.0,3.0,21.0,12
48452,0,419000,4,104750,1.5,4,3,50.0,66.7,1.0,1.0,3.0,1.0,1.0,1.0,2.0,3
48451,0,9929336,64,155146,2.0,33,22,46.9,72.7,13.0,24.0,13.0,14.0,5.0,14.0,45.0,24
30249,0,429000,2,214500,4.0,2,1,50.0,100.0,1.0,2.0,1.0,1.0,1.0,1.0,2.0,24
48440,0,1612819,73,22093,1.6,18,36,8.2,16.7,16.0,34.0,21.0,2.0,1.0,36.0,37.0,14
29985,0,1913264,24,79719,3.0,9,10,29.2,30.0,5.0,5.0,1.0,13.0,6.0,1.0,18.0,24
48675,0,2577300,39,66085,1.9,22,26,5.1,42.3,3.0,6.0,15.0,15.0,1.0,12.0,26.0,21
48682,0,3098786,26,119184,1.0,19,21,3.8,23.8,8.0,4.0,8.0,6.0,15.0,1.0,10.0,9
29947,0,584000,12,48667,2.2,7,10,25.0,40.0,2.0,6.0,4.0,1.0,1.0,1.0,12.0,24
29896,0,909871,14,64991,1.9,10,8,0.0,50.0,4.0,6.0,3.0,1.0,2.0,2.0,10.0,12
29911,0,65000,1,65000,1.0,1,1,0.0,100.0,1.0,1.0,1.0,1.0,1.0,1.0,1.0,24
29912,0,3316300,19,174542,1.6,16,10,52.6,50.0,5.0,6.0,7.0,1.0,1.0,5.0,14.0,17
29926,0,1949289,35,55694,1.9,15,21,2.9,57.1,11.0,3.0,6.0,15.0,1.0,8.0,26.0,14
48756,0,1590735,45,35350,1.8,25,26,4.4,11.5,7.0,3.0,9.0,26.0,2.0,5.0,38.0,11
48755,0,268000,3,89333,2.3,1,3,100.0,0.0,1.0,1.0,1.0,1.0,1.0,1.0,2.0,24
29936,0,682000,9,75778,1.7,8,7,0.0,0.0,3.0,1.0,5.0,1.0,1.0,3.0,5.0,11
29938,0,3179718,30,105991,1.9,18,17,23.3,11.8,9.0,4.0,4.0,13.0,10.0,2.0,18.0,14
48714,0,11745983,97,121093,2.6,58,31,20.6,38.7,23.0,18.0,10.0,46.0,11.0,16.0,70.0,12
29975,0,92500,3,30833,1.0,3,1,0.0,0.0,1.0,1.0,1.0,3.0,2.0,1.0,1.0,13
48693,0,3290387,83,39643,1.1,24,61,9.6,18.0,25.0,18.0,20.0,20.0,17.0,30.0,36.0,14
29955,0,17515763,138,126926,2.2,69,38,7.2,47.4,63.0,32.0,25.0,18.0,14.0,14.0,110.0,12
29959,0,3368200,15,224547,3.6,14,11,0.0,27.3,3.0,1.0,4.0,8.0,6.0,3.0,6.0,6
48692,0,665328,11,60484,1.7,7,8,36.4,12.5,1.0,1.0,8.0,2.0,4.0,1.0,7.0,8
29964,0,804600,8,100575,1.8,6,6,12.5,33.3,2.0,3.0,3.0,1.0,6.0,1.0,2.0,2
48691,0,15383234,66,233079,2.4,35,22,13.6,54.5,12.0,27.0,9.0,18.0,8.0,14.0,44.0,14
48687,0,1193000,3,397667,2.3,3,3,66.7,66.7,1.0,2.0,1.0,1.0,1.0,1.0,3.0,24
48684,0,630800,8,78850,1.5,6,3,25.0,0.0,3.0,1.0,1.0,5.0,5.0,1.0,3.0,24
29501,0,8868269,102,86944,1.9,29,58,26.5,44.8,13.0,25.0,23.0,41.0,3.0,30.0,69.0,14
29486,0,998429,26,38401,1.9,14,15,3.8,53.3,2.0,1.0,11.0,12.0,1.0,12.0,13.0,13
31865,0,5735749,183,31343,1.6,62,75,4.4,21.3,62.0,17.0,49.0,55.0,47.0,33.0,103.0,14
28918,0,4130851,85,48598,1.4,19,66,1.2,13.6,12.0,20.0,22.0,31.0,3.0,48.0,34.0,14
28942,0,6801016,60,113350,1.1,22,38,16.7,42.1,6.0,13.0,25.0,16.0,24.0,14.0,22.0,14
28956,0,3523400,26,135515,2.9,18,12,3.8,58.3,10.0,3.0,3.0,10.0,6.0,8.0,12.0,19
28965,0,6574985,51,128921,1.2,29,26,5.9,38.5,17.0,6.0,8.0,20.0,5.0,17.0,29.0,24
49788,0,560000,4,140000,2.5,4,2,25.0,50.0,1.0,3.0,1.0,1.0,1.0,1.0,4.0,24
28966,0,3945480,35,112728,1.7,20,17,5.7,52.9,1.0,12.0,10.0,12.0,1.0,8.0,26.0,14
28975,0,2536740,44,57653,1.9,26,16,4.5,62.5,12.0,5.0,20.0,7.0,10.0,4.0,30.0,9
49763,0,4576174,56,81717,2.0,45,33,33.9,24.2,16.0,7.0,17.0,16.0,15.0,1.0,41.0,24
28982,0,7792312,92,84699,1.2,39,39,6.5,25.6,33.0,1.0,8.0,51.0,53.0,3.0,36.0,14
28998,0,2976045,109,27303,1.4,24,60,12.8,43.3,18.0,31.0,28.0,32.0,45.0,2.0,62.0,14
49733,0,352072,5,70414,1.0,5,3,0.0,33.3,3.0,1.0,2.0,1.0,1.0,1.0,4.0,14
28999,0,2636834,77,34245,2.7,24,41,1.3,29.3,24.0,7.0,15.0,31.0,12.0,28.0,37.0,11
29006,0,1137700,21,54176,1.7,15,9,4.8,22.2,1.0,5.0,3.0,13.0,2.0,7.0,12.0,17
29011,0,1410200,8,176275,1.9,6,7,12.5,42.9,4.0,1.0,1.0,2.0,1.0,2.0,5.0,24
49732,0,60023394,191,314259,5.1,23,78,18.8,24.4,46.0,42.0,27.0,76.0,47.0,19.0,125.0,5
29014,0,292100,8,36512,2.2,6,6,25.0,33.3,1.0,1.0,2.0,4.0,2.0,4.0,2.0,24
49709,0,2613046,24,108877,2.3,9,14,4.2,57.1,12.0,1.0,4.0,8.0,4.0,3.0,17.0,14
49691,0,1508477,42,35916,1.6,7,29,2.4,55.2,10.0,20.0,9.0,3.0,5.0,1.0,36.0,14
29036,0,18250770,124,147184,2.0,53,68,23.4,27.9,39.0,42.0,28.0,15.0,30.0,17.0,77.0,14
49664,0,80000,1,80000,3.0,1,1,100.0,100.0,1.0,1.0,1.0,1.0,1.0,1.0,1.0,24
28933,0,2992089,73,40988,1.3,22,48,2.7,29.2,13.0,19.0,22.0,19.0,41.0,4.0,28.0,14
28905,0,3712700,19,195405,2.2,16,10,10.5,30.0,5.0,2.0,10.0,2.0,5.0,2.0,12.0,11
49316,0,8549727,103,83007,1.5,51,65,7.8,32.3,18.0,42.0,24.0,19.0,18.0,4.0,81.0,14
28901,0,10537121,55,191584,2.3,33,25,25.5,16.0,9.0,18.0,20.0,8.0,21.0,8.0,26.0,24
28785,0,10680214,96,111252,2.5,50,42,19.8,35.7,18.0,31.0,30.0,17.0,39.0,1.0,56.0,11
28799,0,882656,18,49036,2.5,10,9,0.0,22.2,1.0,1.0,18.0,1.0,3.0,7.0,8.0,13
28814,0,2372978,95,24979,1.4,34,38,3.2,31.6,12.0,21.0,10.0,52.0,15.0,15.0,65.0,14
28832,0,2620500,38,68961,2.3,28,14,13.2,50.0,19.0,1.0,4.0,15.0,14.0,3.0,21.0,13
49954,0,3112100,17,183065,3.6,10,13,29.4,38.5,4.0,6.0,6.0,1.0,3.0,1.0,14.0,5
28854,0,3827576,23,166416,2.1,11,7,30.4,57.1,11.0,7.0,1.0,5.0,3.0,3.0,17.0,14
49910,0,2363675,11,214880,2.8,8,9,36.4,44.4,3.0,4.0,1.0,3.0,4.0,2.0,5.0,14
28859,0,4925350,26,189437,2.9,11,14,42.3,7.1,14.0,3.0,2.0,7.0,12.0,1.0,14.0,24
49909,0,922000,6,153667,2.0,4,4,50.0,25.0,4.0,1.0,1.0,2.0,1.0,1.0,5.0,24
49899,0,5731141,57,100546,2.2,29,33,12.3,33.3,1.0,27.0,17.0,12.0,1.0,1.0,55.0,13
28867,0,2518866,76,33143,1.7,33,48,3.9,33.3,9.0,31.0,5.0,31.0,10.0,35.0,31.0,11
49894,0,1387995,13,106769,3.2,5,12,7.7,25.0,4.0,6.0,3.0,1.0,7.0,1.0,6.0,14
28874,0,758820,22,34492,1.9,15,12,13.6,50.0,4.0,1.0,8.0,10.0,1.0,6.0,15.0,23
28875,0,38000,1,38000,1.0,1,1,0.0,0.0,1.0,1.0,1.0,1.0,1.0,1.0,2.0,24
49848,0,342800,2,171400,3.5,2,2,50.0,0.0,1.0,1.0,1.0,1.0,1.0,1.0,2.0,12
49847,0,461744,4,115436,2.5,3,3,50.0,33.3,2.0,1.0,1.0,1.0,2.0,2.0,2.0,24
28880,0,1923834,31,62059,1.6,17,12,12.9,16.7,6.0,11.0,11.0,3.0,13.0,1.0,17.0,12
28881,0,2027566,28,72413,1.4,16,11,21.4,54.5,2.0,2.0,18.0,6.0,5.0,4.0,19.0,24
28887,0,810400,9,90044,2.1,6,7,77.8,14.3,1.0,1.0,6.0,2.0,2.0,1.0,6.0,24
29048,0,177248,4,44312,1.0,2,3,50.0,66.7,1.0,1.0,1.0,3.0,1.0,3.0,1.0,14
29050,0,1638690,12,136558,2.3,8,8,16.7,37.5,1.0,9.0,1.0,1.0,4.0,1.0,8.0,14
49620,0,584000,5,116800,1.0,4,4,80.0,0.0,1.0,1.0,5.0,1.0,3.0,1.0,2.0,24
49606,0,2305069,13,177313,2.5,9,10,15.4,40.0,2.0,2.0,1.0,9.0,5.0,3.0,5.0,1
29255,0,6747805,79,85415,2.5,40,45,11.4,28.9,23.0,12.0,28.0,16.0,22.0,8.0,49.0,14
29276,0,3349347,51,65673,1.5,23,24,2.0,41.7,14.0,8.0,15.0,14.0,12.0,4.0,35.0,14
29302,0,2017677,10,201768,2.9,7,5,20.0,40.0,1.0,1.0,7.0,2.0,1.0,6.0,4.0,12
29306,0,1019526,15,67968,1.4,12,13,20.0,7.7,2.0,2.0,4.0,7.0,8.0,3.0,4.0,24
49456,0,293000,2,146500,1.0,2,2,0.0,50.0,1.0,1.0,2.0,1.0,1.0,1.0,1.0,9
49443,0,427000,8,53375,2.5,6,6,12.5,16.7,2.0,3.0,1.0,3.0,1.0,3.0,5.0,19
29358,0,3100368,39,79497,2.1,24,17,15.4,35.3,6.0,16.0,7.0,10.0,9.0,8.0,22.0,13
49400,0,38000,1,38000,1.0,1,1,100.0,100.0,1.0,1.0,1.0,1.0,1.0,1.0,2.0,24
29411,0,2955500,24,123146,2.1,17,13,8.3,38.5,5.0,8.0,4.0,7.0,7.0,1.0,17.0,21
49370,0,356000,2,178000,3.0,2,2,50.0,50.0,1.0,1.0,1.0,1.0,1.0,1.0,2.0,21
29418,0,3761301,71,52976,1.7,41,33,5.6,24.2,23.0,18.0,21.0,9.0,46.0,2.0,23.0,14
29421,0,2406988,28,85964,2.1,17,11,25.0,27.3,6.0,11.0,11.0,1.0,4.0,2.0,22.0,24
29438,0,4838901,19,254679,1.9,13,9,5.3,44.4,6.0,4.0,5.0,4.0,1.0,5.0,14.0,14
29455,0,4637432,16,289840,3.6,11,4,6.2,75.0,1.0,13.0,1.0,3.0,1.0,8.0,8.0,3
49351,0,989300,10,98930,1.8,8,7,30.0,57.1,1.0,2.0,1.0,8.0,1.0,3.0,6.0,24
49329,0,1605120,16,100320,2.7,9,12,12.5,25.0,2.0,5.0,4.0,5.0,4.0,1.0,11.0,3
29467,0,1744930,15,116329,2.2,9,4,6.7,25.0,2.0,1.0,7.0,6.0,2.0,13.0,2.0,3
29472,0,1619329,34,47627,1.8,21,10,14.7,40.0,12.0,2.0,6.0,14.0,32.0,1.0,2.0,13
29477,0,4288080,57,75229,1.9,30,19,24.6,31.6,13.0,11.0,4.0,29.0,4.0,11.0,42.0,24
29251,0,2269531,34,66751,2.0,23,17,5.9,52.9,5.0,13.0,6.0,10.0,4.0,2.0,28.0,19
49492,0,581300,7,83043,1.9,7,5,42.9,0.0,1.0,1.0,4.0,2.0,1.0,1.0,6.0,9
29214,0,13598500,44,309057,4.4,24,31,11.4,61.3,20.0,2.0,10.0,12.0,1.0,31.0,12.0,10
49551,0,1399901,24,58329,1.9,10,16,4.2,18.8,3.0,3.0,14.0,4.0,7.0,1.0,16.0,14
49585,0,21685640,116,186945,2.6,28,49,6.0,26.5,33.0,29.0,44.0,10.0,8.0,33.0,75.0,3
29070,0,496200,6,82700,2.0,5,5,33.3,20.0,1.0,1.0,2.0,3.0,2.0,1.0,3.0,24
49582,0,9554900,37,258241,2.6,17,20,18.9,15.0,8.0,6.0,18.0,5.0,5.0,3.0,29.0,5
49563,0,9447600,32,295238,2.9,17,19,62.5,31.6,4.0,11.0,11.0,6.0,6.0,4.0,22.0,3
29089,0,632048,19,33266,1.2,2,14,0.0,42.9,5.0,6.0,4.0,4.0,1.0,8.0,11.0,14
29092,0,498400,5,99680,1.0,5,4,20.0,0.0,1.0,1.0,2.0,2.0,1.0,1.0,4.0,24
49554,0,5678938,137,41452,1.4,29,78,7.3,20.5,43.0,35.0,34.0,25.0,18.0,25.0,94.0,14
29120,0,8245339,178,46322,1.4,47,98,3.4,20.4,46.0,46.0,57.0,29.0,111.0,6.0,61.0,14
29144,0,355000,2,177500,1.0,2,1,50.0,0.0,1.0,2.0,1.0,1.0,1.0,1.0,2.0,8
49504,0,6701682,109,61483,1.4,27,65,4.6,32.3,23.0,36.0,20.0,30.0,30.0,5.0,74.0,14
29166,0,2099371,60,34990,1.2,22,45,5.0,17.8,18.0,14.0,25.0,3.0,18.0,1.0,42.0,14
49544,0,3256017,14,232573,2.0,7,10,42.9,20.0,1.0,4.0,2.0,8.0,2.0,1.0,11.0,24
49541,0,2718893,21,129471,1.6,6,18,19.0,50.0,6.0,7.0,7.0,1.0,1.0,1.0,19.0,14
29172,0,907000,23,39435,1.7,16,9,13.0,22.2,1.0,6.0,9.0,7.0,1.0,3.0,20.0,11
49539,0,213000,1,213000,1.0,1,1,100.0,100.0,1.0,1.0,1.0,1.0,1.0,1.0,1.0,24
49528,0,1263240,32,39476,1.0,4,24,0.0,29.2,7.0,11.0,6.0,8.0,9.0,6.0,17.0,14
29197,0,14940502,156,95772,1.8,54,47,8.3,14.9,49.0,32.0,29.0,46.0,1.0,22.0,133.0,14
49516,0,1751200,11,159200,2.1,6,8,27.3,0.0,4.0,1.0,5.0,2.0,1.0,1.0,9.0,24
48436,0,823000,6,137167,2.7,4,3,16.7,0.0,3.0,1.0,1.0,3.0,2.0,1.0,4.0,5
30265,0,787944,16,49246,1.0,8,9,6.2,55.6,1.0,7.0,3.0,6.0,3.0,1.0,12.0,13
30271,0,879865,17,51757,1.7,12,10,5.9,20.0,2.0,4.0,7.0,4.0,8.0,1.0,9.0,13
47460,0,7068761,92,76834,1.4,23,71,1.1,39.4,25.0,11.0,25.0,31.0,13.0,5.0,74.0,14
47448,0,3692593,84,43959,1.4,23,58,4.8,27.6,27.0,29.0,13.0,15.0,12.0,6.0,66.0,14
47427,0,237900,4,59475,1.0,4,2,0.0,0.0,1.0,1.0,1.0,3.0,1.0,1.0,2.0,24
47425,0,164200,2,82100,3.0,2,1,50.0,0.0,1.0,1.0,1.0,2.0,1.0,1.0,2.0,24
31241,0,392600,10,39260,1.0,7,6,0.0,0.0,1.0,8.0,2.0,1.0,2.0,2.0,6.0,14
47413,0,926000,7,132286,2.4,6,2,28.6,0.0,3.0,1.0,1.0,4.0,1.0,4.0,3.0,24
47393,0,2037045,46,44284,2.1,12,22,10.9,27.3,6.0,10.0,22.0,8.0,17.0,1.0,29.0,14
47392,0,1025600,14,73257,2.0,7,8,0.0,37.5,3.0,2.0,1.0,8.0,2.0,2.0,10.0,3
47363,0,1247575,16,77973,1.5,10,9,31.2,11.1,8.0,4.0,1.0,4.0,3.0,4.0,9.0,8
31275,0,570000,3,190000,3.0,3,2,33.3,0.0,3.0,1.0,1.0,1.0,1.0,1.0,3.0,24
47334,0,6228173,63,98860,2.2,25,34,34.9,32.4,18.0,12.0,13.0,20.0,1.0,19.0,44.0,24
47321,0,2637500,12,219792,1.8,9,11,25.0,18.2,4.0,1.0,2.0,5.0,2.0,2.0,8.0,18
31291,0,2286100,16,142881,2.2,14,12,6.2,41.7,5.0,1.0,7.0,3.0,7.0,1.0,8.0,9
31295,0,219558,5,43912,1.4,4,3,20.0,33.3,2.0,1.0,2.0,1.0,1.0,1.0,5.0,14
47316,0,4362066,72,60584,1.1,5,58,0.0,24.1,16.0,19.0,15.0,22.0,18.0,10.0,44.0,14
31298,0,22614271,87,259934,2.3,28,34,0.0,50.0,26.0,34.0,20.0,7.0,10.0,26.0,51.0,10
31310,0,5859638,103,56890,1.3,55,46,8.7,39.1,19.0,23.0,36.0,25.0,37.0,7.0,59.0,14
47310,0,172000,3,57333,1.7,3,2,33.3,100.0,2.0,1.0,1.0,1.0,1.0,2.0,2.0,24
31332,0,3729555,56,66599,1.6,28,28,1.8,25.0,11.0,9.0,10.0,26.0,20.0,1.0,36.0,14
31342,0,670041,7,95720,1.6,5,4,0.0,25.0,5.0,1.0,2.0,1.0,2.0,1.0,4.0,14
47455,0,6853090,94,72905,2.0,33,59,28.7,28.8,26.0,33.0,18.0,17.0,25.0,11.0,58.0,24
31219,0,8892909,80,111161,2.8,36,38,11.2,34.2,22.0,16.0,30.0,12.0,9.0,12.0,59.0,14
30296,0,8430363,60,140506,1.4,32,35,13.3,42.9,12.0,17.0,15.0,16.0,19.0,3.0,38.0,14
47489,0,582800,3,194267,2.3,3,3,33.3,0.0,1.0,1.0,1.0,1.0,1.0,1.0,2.0,3
47575,0,5327884,25,213115,2.5,14,12,8.0,25.0,13.0,5.0,7.0,1.0,3.0,2.0,20.0,24
31040,0,866925,12,72244,1.0,11,6,25.0,50.0,5.0,1.0,4.0,3.0,1.0,1.0,11.0,7
47569,0,4792442,49,97805,1.6,21,20,2.0,45.0,13.0,8.0,2.0,26.0,10.0,3.0,36.0,14
31061,0,350000,2,175000,3.0,2,2,50.0,50.0,1.0,1.0,1.0,1.0,1.0,1.0,1.0,19
31078,0,258000,5,51600,3.0,4,4,40.0,25.0,1.0,1.0,4.0,1.0,3.0,1.0,2.0,11
31084,0,1052157,8,131520,2.0,8,4,25.0,75.0,2.0,4.0,1.0,2.0,1.0,1.0,8.0,21
31095,0,535000,7,76429,2.1,6,4,28.6,25.0,3.0,1.0,1.0,3.0,1.0,4.0,2.0,16
31107,0,1721800,21,81990,2.4,15,11,0.0,27.3,15.0,4.0,1.0,1.0,1.0,1.0,19.0,9
31109,0,10714330,114,93985,1.5,46,62,18.4,35.5,29.0,19.0,33.0,33.0,38.0,15.0,61.0,14
47531,0,385400,8,48175,1.2,6,5,12.5,0.0,1.0,2.0,6.0,1.0,1.0,3.0,5.0,12
31126,0,512000,1,512000,1.0,1,1,0.0,0.0,1.0,1.0,1.0,1.0,1.0,1.0,1.0,24
31153,0,2586314,17,152136,1.7,14,8,35.3,87.5,2.0,10.0,3.0,2.0,1.0,10.0,7.0,9
31163,0,58000,3,19333,1.7,1,1,0.0,0.0,1.0,3.0,1.0,1.0,3.0,1.0,2.0,24
31175,0,382760,6,63793,1.3,5,4,33.3,25.0,1.0,1.0,5.0,1.0,2.0,1.0,3.0,14
31189,0,195000,4,48750,2.0,3,3,25.0,33.3,1.0,1.0,3.0,1.0,1.0,2.0,1.0,14
31190,0,5749900,114,50438,1.9,47,35,16.7,22.9,33.0,39.0,31.0,11.0,12.0,60.0,42.0,11
47524,0,6700363,34,197070,2.7,24,16,26.5,25.0,17.0,5.0,8.0,4.0,11.0,4.0,19.0,24
47521,0,709000,9,78778,2.1,7,4,22.2,75.0,1.0,1.0,8.0,1.0,2.0,1.0,6.0,23
47494,0,23359889,150,155733,2.1,72,45,30.0,20.0,40.0,39.0,56.0,15.0,19.0,35.0,96.0,24
31347,0,1652620,11,150238,2.8,8,7,9.1,57.1,4.0,1.0,2.0,5.0,1.0,5.0,6.0,19
31358,0,4464440,20,223222,1.9,17,7,20.0,28.6,14.0,5.0,1.0,1.0,1.0,1.0,20.0,8
47282,0,1472800,8,184100,3.4,8,7,50.0,14.3,3.0,1.0,3.0,1.0,3.0,1.0,4.0,24
47281,0,8397443,134,62667,2.1,53,63,4.5,17.5,29.0,35.0,39.0,31.0,26.0,34.0,74.0,14
47063,0,6331577,96,65954,3.1,29,59,4.2,27.1,25.0,21.0,34.0,16.0,44.0,7.0,45.0,5
47045,0,2935553,25,117422,1.6,18,14,8.0,28.6,6.0,4.0,5.0,10.0,3.0,3.0,19.0,14
31722,0,1998404,52,38431,1.5,27,21,5.8,33.3,15.0,5.0,7.0,25.0,2.0,11.0,39.0,14
31723,0,2584600,29,89124,1.6,16,17,3.4,35.3,8.0,8.0,8.0,5.0,5.0,2.0,22.0,24
31728,0,1366125,37,36922,1.5,20,25,5.4,36.0,3.0,10.0,10.0,14.0,10.0,5.0,22.0,12
31734,0,1959500,14,139964,2.6,11,6,7.1,100.0,3.0,1.0,3.0,8.0,1.0,3.0,11.0,24
47001,0,1291700,16,80731,2.5,14,10,12.5,10.0,2.0,6.0,4.0,4.0,4.0,1.0,12.0,9
47000,0,3931700,33,119142,2.3,19,21,27.3,38.1,4.0,14.0,9.0,6.0,7.0,1.0,26.0,24
31740,0,3320135,62,53551,2.5,28,37,14.5,21.6,17.0,13.0,12.0,20.0,3.0,38.0,21.0,7
31746,0,3782230,27,140083,2.3,20,11,40.7,27.3,11.0,2.0,10.0,4.0,1.0,16.0,11.0,8
46997,0,3669696,18,203872,2.1,11,17,5.6,29.4,4.0,5.0,3.0,6.0,3.0,1.0,15.0,24
31757,0,2174966,60,36249,1.3,21,25,1.7,48.0,8.0,14.0,23.0,15.0,5.0,4.0,51.0,14
31760,0,6160600,38,162121,3.0,22,13,57.9,23.1,9.0,10.0,6.0,13.0,10.0,1.0,28.0,8
31785,0,2054200,26,79008,1.5,15,9,42.3,22.2,5.0,9.0,11.0,1.0,5.0,10.0,11.0,24
46979,0,2138056,45,47512,1.7,10,42,0.0,28.6,9.0,8.0,15.0,13.0,12.0,8.0,25.0,14
31824,0,184520,7,26360,1.0,7,5,0.0,100.0,1.0,1.0,3.0,2.0,1.0,1.0,6.0,7
31838,0,5556700,6,926117,4.7,6,4,50.0,25.0,1.0,5.0,1.0,1.0,1.0,1.0,6.0,1
46956,0,15188604,154,98627,1.0,37,78,3.2,41.0,43.0,30.0,36.0,45.0,44.0,7.0,103.0,14
31859,0,3289110,55,59802,2.4,33,22,5.5,36.4,29.0,6.0,3.0,17.0,17.0,8.0,30.0,12
47106,0,10002500,64,156289,2.5,31,41,32.8,22.0,15.0,15.0,23.0,11.0,28.0,10.0,26.0,15
31612,0,633966,10,63397,1.4,8,8,20.0,87.5,3.0,2.0,1.0,4.0,1.0,5.0,4.0,14
31598,0,1713800,19,90200,2.6,11,8,15.8,25.0,6.0,12.0,1.0,1.0,2.0,1.0,16.0,11
47228,0,741000,4,185250,3.0,3,4,0.0,0.0,2.0,1.0,1.0,1.0,1.0,1.0,3.0,24
31397,0,4010725,73,54941,2.1,31,36,1.4,27.8,10.0,18.0,27.0,18.0,8.0,16.0,49.0,12
31400,0,2157181,113,19090,1.1,18,72,0.0,43.1,29.0,28.0,36.0,20.0,15.0,53.0,45.0,14
31405,0,5276167,76,69423,1.8,35,34,7.9,41.2,23.0,5.0,11.0,37.0,7.0,41.0,28.0,9
31423,0,3520174,62,56777,1.0,40,31,19.4,32.3,34.0,9.0,18.0,1.0,19.0,5.0,38.0,11
31440,0,12333300,41,300812,1.2,29,19,39.0,15.8,17.0,7.0,11.0,6.0,11.0,12.0,18.0,9
31442,0,7345453,93,78983,1.2,34,34,2.2,82.4,35.0,4.0,25.0,29.0,9.0,53.0,31.0,14
47232,0,3798738,47,80824,2.7,25,22,38.3,50.0,18.0,9.0,9.0,11.0,12.0,10.0,25.0,24
31444,0,2213900,16,138369,3.5,12,14,0.0,7.1,3.0,4.0,7.0,2.0,3.0,2.0,11.0,9
31457,0,2717428,19,143023,1.0,11,6,21.1,16.7,14.0,2.0,1.0,3.0,10.0,1.0,9.0,14
31596,0,3866932,80,48337,1.8,35,32,10.0,46.9,11.0,18.0,29.0,22.0,16.0,7.0,57.0,14
31469,0,2333980,48,48625,1.8,33,27,6.2,25.9,8.0,8.0,18.0,14.0,1.0,18.0,30.0,13
31498,0,605600,5,121120,2.6,5,3,0.0,33.3,3.0,1.0,1.0,1.0,1.0,1.0,4.0,15
47155,0,4838474,114,42443,1.4,22,78,4.4,32.1,29.0,32.0,25.0,28.0,75.0,1.0,39.0,14
31516,0,1037070,6,172845,1.0,4,4,0.0,25.0,1.0,4.0,2.0,1.0,1.0,2.0,3.0,10
31520,0,339000,4,84750,2.0,4,4,25.0,50.0,1.0,2.0,1.0,1.0,2.0,1.0,2.0,9
31545,0,1433910,38,37734,1.4,8,27,0.0,33.3,6.0,14.0,10.0,8.0,21.0,13.0,4.0,14
31563,0,1906000,4,476500,2.5,3,2,100.0,100.0,1.0,1.0,4.0,1.0,1.0,4.0,2.0,8
31572,0,6683950,132,50636,1.2,62,79,6.8,45.6,33.0,38.0,18.0,43.0,6.0,114.0,12.0,9
31008,0,3667004,30,122233,2.0,22,20,13.3,15.0,7.0,9.0,3.0,11.0,3.0,9.0,18.0,13
31000,0,2346732,72,32594,1.5,27,30,9.7,30.0,22.0,14.0,23.0,13.0,14.0,4.0,54.0,14
47581,0,3567500,36,99097,1.9,14,21,30.6,9.5,3.0,1.0,19.0,14.0,7.0,2.0,27.0,20
47939,0,514000,5,102800,1.0,3,2,60.0,50.0,2.0,1.0,3.0,1.0,1.0,3.0,2.0,24
30582,0,11519420,55,209444,2.2,27,22,7.3,45.5,24.0,8.0,17.0,6.0,15.0,20.0,20.0,24
30587,0,3112604,17,183094,3.5,8,5,17.6,20.0,14.0,1.0,1.0,3.0,3.0,1.0,13.0,12
30591,0,312000,4,78000,2.5,4,3,25.0,0.0,1.0,1.0,2.0,1.0,1.0,1.0,4.0,11
48147,0,2643250,24,110135,2.1,17,19,41.7,31.6,8.0,8.0,3.0,5.0,3.0,2.0,19.0,24
48128,0,19746100,31,636971,4.9,14,16,9.7,37.5,3.0,9.0,11.0,8.0,9.0,1.0,21.0,5
30594,0,2272834,19,119623,1.6,12,13,10.5,76.9,2.0,4.0,9.0,4.0,2.0,5.0,12.0,9
30607,0,579641,11,52695,2.1,7,7,27.3,28.6,3.0,4.0,1.0,4.0,1.0,1.0,11.0,14
48117,0,2188228,30,72941,1.9,22,21,26.7,23.8,6.0,7.0,11.0,6.0,15.0,1.0,15.0,7
48113,0,961000,6,160167,1.3,6,5,0.0,20.0,1.0,1.0,2.0,3.0,1.0,1.0,6.0,23
30616,0,8664317,53,163478,2.3,36,25,17.0,64.0,14.0,13.0,4.0,22.0,22.0,1.0,31.0,24
48097,0,14538605,94,154666,2.1,61,45,14.9,24.4,17.0,13.0,14.0,50.0,17.0,18.0,59.0,14
48073,0,405000,1,405000,3.0,1,1,100.0,0.0,1.0,1.0,1.0,1.0,1.0,1.0,1.0,24
48069,0,5988362,40,149709,2.5,25,22,17.5,31.8,8.0,12.0,10.0,10.0,6.0,3.0,31.0,5
48068,0,567900,3,189300,3.0,3,1,0.0,100.0,1.0,3.0,1.0,1.0,1.0,1.0,3.0,17
48055,0,215000,6,35833,3.3,3,4,33.3,25.0,3.0,1.0,1.0,3.0,2.0,1.0,4.0,15
48037,0,5355800,32,167369,2.4,14,16,9.4,56.2,6.0,2.0,18.0,6.0,20.0,1.0,12.0,13
47990,0,3594346,84,42790,1.5,22,24,8.3,16.7,20.0,14.0,14.0,36.0,46.0,1.0,37.0,14
47979,0,487500,4,121875,2.0,3,2,50.0,0.0,1.0,1.0,1.0,3.0,1.0,1.0,3.0,14
47965,0,285340,9,31704,1.4,6,5,77.8,0.0,1.0,4.0,1.0,5.0,1.0,1.0,9.0,8
30556,0,656000,9,72889,1.7,6,5,11.1,40.0,1.0,4.0,5.0,1.0,1.0,1.0,8.0,24
30543,0,3599168,34,105858,1.8,20,13,0.0,15.4,8.0,13.0,10.0,3.0,14.0,1.0,19.0,24
30530,0,1177969,13,90613,1.0,9,9,7.7,33.3,1.0,9.0,2.0,1.0,5.0,1.0,8.0,21
30371,0,2951133,54,54651,1.7,34,22,11.1,27.3,15.0,6.0,18.0,15.0,9.0,12.0,33.0,14
48340,0,4862400,21,231543,1.7,19,13,19.0,46.2,1.0,2.0,3.0,15.0,1.0,7.0,14.0,19
48295,0,1694613,37,45800,1.4,28,27,18.9,11.1,16.0,3.0,4.0,14.0,11.0,2.0,24.0,6
48291,0,804021,16,50251,1.1,3,13,25.0,23.1,5.0,6.0,3.0,2.0,1.0,1.0,16.0,14
30343,0,24063699,123,195640,1.0,47,42,33.3,31.0,20.0,21.0,60.0,22.0,37.0,2.0,84.0,14
30345,0,3085054,53,58209,1.9,24,33,3.8,57.6,11.0,14.0,18.0,10.0,1.0,22.0,31.0,14
48279,0,1920885,32,60028,1.4,19,23,15.6,26.1,3.0,1.0,9.0,19.0,4.0,6.0,22.0,14
30348,0,11722097,82,142952,2.1,31,41,2.4,26.8,14.0,15.0,17.0,36.0,26.0,10.0,46.0,14
30353,0,813000,11,73909,1.0,9,7,18.2,57.1,6.0,2.0,1.0,3.0,4.0,2.0,5.0,24
48272,0,2901839,36,80607,2.6,17,20,8.3,40.0,10.0,7.0,5.0,14.0,9.0,7.0,20.0,14
30498,0,1211877,10,121188,1.4,5,7,10.0,85.7,3.0,1.0,1.0,6.0,3.0,1.0,7.0,14
48271,0,1149160,15,76611,1.7,11,7,13.3,42.9,1.0,2.0,7.0,6.0,3.0,1.0,11.0,24
48261,0,5707927,81,70468,1.2,16,60,9.9,38.3,30.0,15.0,13.0,23.0,18.0,7.0,56.0,14
30408,0,1420000,12,118333,2.4,5,8,58.3,25.0,3.0,5.0,3.0,1.0,1.0,5.0,7.0,24
30426,0,23113909,189,122296,2.1,62,74,1.6,23.0,63.0,26.0,59.0,41.0,37.0,4.0,148.0,14
48219,0,773310,14,55236,2.0,8,6,0.0,50.0,1.0,13.0,1.0,1.0,1.0,3.0,11.0,13
30440,0,3451200,10,345120,3.3,8,7,30.0,0.0,6.0,3.0,1.0,1.0,1.0,1.0,9.0,24
30471,0,2183054,27,80854,2.5,17,14,0.0,42.9,9.0,1.0,12.0,5.0,7.0,4.0,16.0,9
48182,0,3379797,37,91346,1.3,18,19,16.2,36.8,1.0,10.0,20.0,7.0,10.0,3.0,24.0,14
30662,0,2673307,32,83541,2.0,20,19,3.1,15.8,14.0,13.0,5.0,1.0,19.0,3.0,10.0,10
30694,0,1799109,45,39980,1.7,17,18,2.2,61.1,12.0,16.0,10.0,7.0,4.0,23.0,18.0,14
47590,0,4517075,55,82129,2.1,28,22,5.5,31.8,15.0,8.0,22.0,10.0,14.0,8.0,33.0,9
30700,0,6399700,47,136164,3.8,32,26,12.8,26.9,8.0,22.0,9.0,8.0,6.0,12.0,29.0,11
30861,0,4695074,66,71137,1.8,28,34,3.0,41.2,7.0,17.0,27.0,15.0,22.0,17.0,27.0,14
47722,0,3393090,12,282758,1.8,7,10,8.3,50.0,1.0,7.0,3.0,1.0,3.0,1.0,8.0,14
30862,0,2880560,44,65467,1.9,28,31,2.3,64.5,9.0,5.0,15.0,15.0,9.0,5.0,30.0,12
30867,0,412758,8,51595,2.2,5,6,50.0,83.3,3.0,3.0,1.0,2.0,1.0,2.0,6.0,1
30889,0,230800,4,57700,2.0,3,1,100.0,0.0,4.0,1.0,1.0,1.0,1.0,1.0,4.0,24
30900,0,2377330,13,182872,1.0,12,5,7.7,80.0,2.0,1.0,10.0,1.0,1.0,1.0,12.0,9
47692,0,4298500,33,130258,2.1,16,17,9.1,17.6,7.0,6.0,9.0,11.0,20.0,1.0,13.0,24
30918,0,3138700,26,120719,2.2,13,15,61.5,13.3,6.0,8.0,6.0,6.0,6.0,3.0,17.0,24
30929,0,455000,2,227500,4.0,1,2,0.0,0.0,1.0,1.0,1.0,1.0,1.0,1.0,1.0,24
30932,0,6367785,53,120147,1.8,30,32,9.4,56.2,12.0,11.0,10.0,20.0,15.0,1.0,38.0,14
47658,0,25184027,155,162478,3.0,36,74,12.3,25.7,37.0,38.0,33.0,47.0,34.0,2.0,119.0,14
30957,0,2457381,40,61435,1.8,17,26,7.5,30.8,10.0,15.0,15.0,1.0,12.0,13.0,15.0,14
30963,0,614981,7,87854,1.9,5,5,42.9,40.0,3.0,2.0,1.0,2.0,1.0,1.0,6.0,24
47621,0,2171210,22,98691,1.9,14,13,9.1,38.5,4.0,4.0,1.0,13.0,1.0,6.0,16.0,14
30985,0,805235,13,61941,1.8,10,7,15.4,71.4,2.0,4.0,4.0,3.0,2.0,1.0,11.0,6
47614,0,3685663,31,118892,2.3,19,24,6.5,16.7,6.0,4.0,5.0,16.0,10.0,1.0,21.0,14
45642,0,634000,7,90571,2.1,7,5,0.0,20.0,4.0,1.0,2.0,1.0,1.0,1.0,6.0,24
30991,0,168436,5,33687,1.0,5,4,0.0,0.0,1.0,4.0,1.0,1.0,1.0,1.0,5.0,9
47599,0,4895147,70,69931,4.7,18,29,14.3,31.0,3.0,22.0,18.0,27.0,4.0,3.0,63.0,14
47735,0,3294900,39,84485,2.6,19,22,23.1,36.4,11.0,10.0,10.0,8.0,3.0,2.0,34.0,8
30843,0,1134400,8,141800,2.5,6,8,50.0,37.5,1.0,5.0,3.0,1.0,1.0,3.0,4.0,24
30842,0,3503471,29,120809,3.4,11,16,6.9,81.2,3.0,6.0,13.0,7.0,1.0,4.0,24.0,14
47865,0,2689500,23,116935,2.5,14,9,8.7,55.6,9.0,9.0,5.0,1.0,8.0,3.0,12.0,9
47934,0,3334325,50,66686,1.0,9,41,6.0,19.5,10.0,9.0,14.0,17.0,14.0,4.0,32.0,14
47933,0,3260013,26,125385,1.7,15,11,30.8,18.2,2.0,3.0,6.0,15.0,4.0,1.0,21.0,24
30711,0,1065700,11,96882,2.3,6,7,27.3,14.3,1.0,10.0,1.0,1.0,2.0,1.0,8.0,24
47891,0,2129484,27,78870,2.1,12,14,33.3,50.0,5.0,4.0,14.0,4.0,1.0,5.0,21.0,24
47886,0,3444369,61,56465,1.9,14,43,1.6,20.9,16.0,14.0,19.0,12.0,11.0,1.0,50.0,14
30722,0,10462298,43,243309,2.7,27,21,30.2,14.3,23.0,6.0,1.0,14.0,7.0,1.0,35.0,8
30759,0,4816030,64,75250,1.2,25,32,15.6,59.4,14.0,18.0,26.0,6.0,7.0,10.0,47.0,14
30769,0,1890400,7,270057,2.1,6,5,28.6,0.0,4.0,1.0,3.0,1.0,2.0,2.0,3.0,16
30790,0,7129447,50,142589,2.4,25,23,12.0,21.7,8.0,10.0,15.0,17.0,12.0,1.0,37.0,14
30836,0,898978,17,52881,1.6,8,11,11.8,36.4,7.0,3.0,4.0,3.0,1.0,10.0,7.0,14
30806,0,20495501,144,142330,2.0,58,59,26.4,18.6,22.0,37.0,46.0,39.0,103.0,8.0,33.0,14
47855,0,947900,13,72915,2.4,11,11,23.1,45.5,3.0,2.0,8.0,1.0,6.0,3.0,4.0,24
30815,0,2921887,45,64931,1.7,18,34,11.1,76.5,3.0,15.0,11.0,16.0,2.0,11.0,32.0,14
47781,0,1813314,43,42170,2.5,18,17,14.0,11.8,10.0,1.0,21.0,11.0,6.0,4.0,33.0,11
47774,0,2338721,44,53153,1.0,20,28,6.8,32.1,16.0,4.0,10.0,14.0,8.0,8.0,28.0,14
30826,0,2470326,24,102930,2.8,17,17,4.2,52.9,9.0,9.0,6.0,1.0,1.0,15.0,9.0,11
30829,0,1721224,22,78237,1.9,13,16,4.5,62.5,6.0,8.0,3.0,5.0,4.0,11.0,7.0,14
30831,0,506500,12,42208,1.5,6,6,0.0,50.0,1.0,1.0,9.0,2.0,1.0,5.0,6.0,12
33522,0,3456148,87,39726,1.7,36,45,4.6,40.0,25.0,31.0,16.0,15.0,9.0,23.0,55.0,14
34288,0,854800,15,56987,1.4,10,10,13.3,40.0,3.0,3.0,8.0,1.0,1.0,1.0,14.0,12
45610,0,8689812,87,99883,2.1,19,32,3.4,28.1,8.0,34.0,22.0,23.0,7.0,20.0,60.0,14
42142,0,2455400,36,68206,1.4,22,19,38.9,73.7,8.0,5.0,7.0,16.0,1.0,5.0,30.0,24
38065,0,2182069,29,75244,1.6,19,15,0.0,46.7,3.0,14.0,7.0,5.0,3.0,8.0,18.0,14
38072,0,4539012,42,108072,2.2,27,18,14.3,55.6,2.0,16.0,7.0,17.0,6.0,8.0,28.0,12
38086,0,950143,21,45245,1.6,9,12,9.5,25.0,1.0,6.0,11.0,3.0,2.0,2.0,17.0,14
38119,0,538200,3,179400,2.3,3,2,0.0,0.0,1.0,1.0,2.0,1.0,1.0,1.0,2.0,11
38124,0,4953079,55,90056,1.3,14,34,7.3,44.1,11.0,8.0,15.0,21.0,13.0,4.0,38.0,14
41962,0,392250,5,78450,1.8,4,4,0.0,50.0,4.0,1.0,1.0,1.0,1.0,1.0,4.0,11
41961,0,50000,3,16667,1.0,1,1,100.0,0.0,1.0,1.0,1.0,3.0,1.0,1.0,3.0,24
38127,0,1880976,40,47024,1.1,19,20,5.0,5.0,2.0,3.0,33.0,2.0,12.0,1.0,27.0,14
38132,0,3035000,25,121400,1.0,16,10,4.0,0.0,1.0,1.0,18.0,6.0,6.0,1.0,18.0,24
38138,0,3078710,35,87963,2.0,20,16,5.7,50.0,6.0,11.0,5.0,13.0,1.0,6.0,29.0,14
41955,0,2219590,96,23121,1.0,22,74,3.1,28.4,24.0,22.0,17.0,33.0,10.0,38.0,48.0,14
38147,0,3424000,10,342400,2.6,9,6,80.0,50.0,5.0,1.0,3.0,2.0,1.0,1.0,9.0,8
38161,0,7553966,89,84876,2.1,50,39,9.0,25.6,12.0,18.0,44.0,15.0,24.0,15.0,50.0,14
41943,0,2734900,18,151939,2.0,14,8,0.0,0.0,5.0,6.0,3.0,4.0,4.0,1.0,14.0,13
38162,0,8206979,131,62649,1.7,38,53,8.4,37.7,22.0,40.0,38.0,31.0,29.0,34.0,68.0,14
38168,0,3524580,62,56848,1.9,29,29,1.6,20.7,15.0,13.0,15.0,19.0,1.0,24.0,37.0,14
41934,0,39193751,235,166782,6.8,44,103,8.9,47.6,38.0,63.0,77.0,57.0,14.0,8.0,213.0,5
38173,0,9460601,116,81557,1.9,47,57,6.9,24.6,32.0,24.0,30.0,30.0,6.0,1.0,109.0,14
41933,0,3405100,22,154777,2.0,19,16,13.6,31.2,6.0,6.0,8.0,2.0,3.0,4.0,15.0,24
38194,0,1896100,17,111535,2.5,14,10,0.0,10.0,1.0,1.0,6.0,10.0,1.0,4.0,12.0,9
38232,0,813300,11,73936,2.3,8,7,18.2,57.1,4.0,1.0,1.0,7.0,1.0,1.0,10.0,3
38055,0,3445190,129,26707,1.5,31,41,6.2,34.1,23.0,16.0,40.0,50.0,4.0,19.0,106.0,14
38042,0,988930,16,61808,1.4,13,11,12.5,27.3,2.0,8.0,3.0,3.0,1.0,2.0,14.0,9
42014,0,11997400,79,151866,2.4,44,42,26.6,50.0,15.0,23.0,20.0,21.0,5.0,20.0,54.0,8
42029,0,3601820,50,72036,2.2,25,29,4.0,20.7,13.0,13.0,9.0,15.0,3.0,20.0,27.0,24
37841,0,3871330,49,79007,2.3,28,21,0.0,42.9,19.0,24.0,4.0,2.0,6.0,5.0,38.0,12
37847,0,4618000,37,124811,3.8,21,19,40.5,42.1,7.0,11.0,10.0,9.0,17.0,6.0,14.0,8
42113,0,3206140,23,139397,2.3,20,11,0.0,54.5,6.0,1.0,12.0,4.0,1.0,8.0,15.0,9
37861,0,346874,9,38542,1.2,3,8,0.0,37.5,5.0,1.0,1.0,3.0,6.0,1.0,3.0,14
42096,0,7970425,177,45031,1.1,25,123,4.0,30.1,42.0,50.0,36.0,49.0,108.0,2.0,67.0,14
37867,0,407600,11,37055,1.0,8,5,9.1,100.0,3.0,1.0,8.0,1.0,2.0,3.0,6.0,10
42083,0,10233392,43,237986,1.5,27,21,11.6,28.6,3.0,6.0,10.0,24.0,13.0,2.0,28.0,24
37928,0,1051542,22,47797,2.1,14,14,0.0,57.1,2.0,3.0,12.0,5.0,9.0,4.0,9.0,12
37935,0,8321825,58,143480,2.2,42,28,3.4,53.6,17.0,17.0,12.0,12.0,14.0,12.0,32.0,12
37941,0,2221225,104,21358,1.3,23,62,5.8,25.8,21.0,8.0,30.0,45.0,58.0,3.0,43.0,14
38038,0,1220700,14,87193,2.1,13,11,0.0,27.3,4.0,3.0,5.0,2.0,2.0,1.0,11.0,3
37952,0,2008100,15,133873,1.9,13,10,13.3,30.0,2.0,2.0,5.0,6.0,3.0,2.0,10.0,13
37968,0,3781200,20,189060,2.0,13,10,20.0,10.0,1.0,7.0,12.0,1.0,1.0,3.0,17.0,5
37972,0,3054216,39,78313,2.6,28,24,10.3,75.0,9.0,6.0,4.0,20.0,1.0,11.0,28.0,12
37974,0,18894512,77,245383,2.8,24,38,23.4,26.3,11.0,13.0,14.0,39.0,6.0,15.0,56.0,5
37984,0,1276400,16,79775,3.0,14,11,0.0,54.5,3.0,2.0,1.0,11.0,2.0,6.0,8.0,12
37985,0,5395019,43,125466,3.2,26,19,20.9,47.4,9.0,16.0,10.0,8.0,3.0,6.0,34.0,3
38019,0,5690065,68,83677,2.0,34,28,7.4,21.4,14.0,21.0,21.0,12.0,13.0,14.0,41.0,14
38032,0,13016332,103,126372,2.5,47,35,7.8,25.7,19.0,33.0,26.0,25.0,17.0,7.0,79.0,9
38034,0,212400,7,30343,1.0,7,4,0.0,0.0,1.0,6.0,1.0,1.0,1.0,1.0,6.0,23
38240,0,10869926,92,118151,3.1,38,45,44.6,35.6,6.0,33.0,37.0,16.0,4.0,31.0,57.0,8
38258,0,1020000,6,170000,2.7,5,6,33.3,50.0,1.0,3.0,1.0,1.0,2.0,1.0,3.0,9
41915,0,13383826,75,178451,2.2,43,39,16.0,28.2,19.0,14.0,27.0,15.0,20.0,7.0,48.0,14
38608,0,3954110,45,87869,2.1,28,16,15.6,50.0,1.0,10.0,5.0,30.0,5.0,9.0,31.0,9
41794,0,2937100,23,127700,2.9,11,15,4.3,13.3,1.0,11.0,4.0,7.0,3.0,1.0,19.0,5
41783,0,249000,4,62250,2.0,4,3,25.0,33.3,1.0,1.0,2.0,1.0,2.0,1.0,1.0,24
38507,0,2123117,17,124889,1.2,7,10,0.0,20.0,1.0,4.0,4.0,8.0,1.0,6.0,10.0,14
38521,0,1512340,13,116334,1.8,6,8,7.7,12.5,4.0,5.0,2.0,2.0,1.0,1.0,12.0,24
38534,0,304600,8,38075,2.2,3,6,87.5,0.0,2.0,1.0,1.0,6.0,1.0,1.0,8.0,4
38558,0,4525700,39,116044,1.7,21,12,23.1,41.7,16.0,1.0,15.0,8.0,2.0,16.0,21.0,14
38559,0,936100,16,58506,1.6,10,11,50.0,9.1,12.0,4.0,1.0,1.0,3.0,1.0,12.0,24
38596,0,1304000,25,52160,2.5,16,17,4.0,29.4,10.0,9.0,3.0,3.0,3.0,10.0,12.0,23
38597,0,2347614,35,67075,2.0,20,11,5.7,63.6,21.0,8.0,4.0,2.0,1.0,16.0,18.0,11
38618,0,849700,7,121386,2.4,7,7,14.3,28.6,1.0,2.0,2.0,2.0,1.0,1.0,6.0,12
41803,0,1302790,14,93056,1.6,13,11,14.3,72.7,3.0,8.0,3.0,1.0,1.0,2.0,11.0,7
38634,0,1780719,69,25808,1.1,10,46,1.4,26.1,9.0,15.0,24.0,21.0,6.0,41.0,22.0,14
41679,0,6001238,39,153878,1.6,24,23,17.9,17.4,11.0,9.0,4.0,15.0,2.0,7.0,30.0,5
41677,0,1941233,26,74663,1.8,15,18,0.0,44.4,3.0,8.0,5.0,10.0,5.0,4.0,17.0,24
38669,0,6683600,79,84603,2.1,45,37,11.4,21.6,17.0,26.0,20.0,16.0,1.0,41.0,38.0,24
41617,0,10243323,56,182916,2.1,36,28,16.1,32.1,16.0,8.0,26.0,6.0,16.0,6.0,34.0,19
41616,0,1409000,7,201286,4.1,6,5,14.3,0.0,4.0,1.0,3.0,1.0,1.0,1.0,6.0,9
38698,0,3690900,32,115341,1.9,23,20,21.9,40.0,6.0,11.0,14.0,1.0,5.0,6.0,21.0,12
38711,0,894347,9,99372,2.2,4,6,66.7,33.3,2.0,1.0,6.0,1.0,1.0,1.0,8.0,24
38737,0,835300,8,104412,1.0,8,7,0.0,57.1,3.0,3.0,1.0,1.0,1.0,2.0,6.0,12
38500,0,813300,14,58093,1.7,9,10,0.0,90.0,2.0,7.0,1.0,5.0,1.0,1.0,12.0,21
38492,0,2090782,16,130674,1.9,13,9,31.2,33.3,3.0,3.0,3.0,7.0,1.0,3.0,12.0,8
41913,0,3401784,90,37798,1.6,29,72,1.1,15.3,17.0,18.0,33.0,22.0,2.0,67.0,21.0,14
41884,0,4108622,57,72081,1.6,30,28,17.5,46.4,10.0,15.0,13.0,19.0,2.0,19.0,36.0,14
38267,0,6427856,46,139736,2.5,33,14,8.7,35.7,6.0,2.0,18.0,20.0,1.0,16.0,30.0,9
38278,0,3113700,28,111204,1.4,22,14,3.6,28.6,5.0,3.0,15.0,5.0,7.0,5.0,16.0,9
38291,0,249000,3,83000,1.7,3,3,33.3,0.0,1.0,1.0,3.0,1.0,1.0,1.0,3.0,19
38300,0,9247040,64,144485,2.5,35,33,35.9,51.5,10.0,13.0,25.0,16.0,1.0,29.0,34.0,24
38315,0,142000,3,47333,1.7,2,2,33.3,50.0,1.0,1.0,3.0,1.0,1.0,1.0,1.0,14
38340,0,949030,21,45192,2.0,18,17,0.0,23.5,4.0,8.0,5.0,4.0,1.0,11.0,9.0,11
38368,0,1351600,9,150178,2.3,8,4,33.3,75.0,1.0,3.0,1.0,5.0,1.0,1.0,9.0,24
38370,0,4684409,18,260245,1.9,10,12,16.7,41.7,3.0,1.0,5.0,10.0,4.0,7.0,7.0,14
38395,0,8794882,235,37425,3.1,51,92,6.4,35.9,49.0,57.0,45.0,84.0,23.0,59.0,153.0,14
38401,0,3768644,36,104685,1.8,17,27,8.3,22.2,11.0,6.0,13.0,6.0,7.0,4.0,25.0,14
38486,0,8127768,60,135463,2.1,29,22,6.7,18.2,12.0,14.0,20.0,14.0,5.0,18.0,37.0,19
38405,0,4199320,120,34994,1.8,37,58,0.8,31.0,49.0,3.0,43.0,25.0,16.0,50.0,54.0,14
38410,0,274000,2,137000,3.5,2,2,50.0,100.0,1.0,1.0,1.0,1.0,1.0,1.0,1.0,24
41855,0,1599560,14,114254,2.1,9,6,14.3,100.0,3.0,1.0,6.0,4.0,1.0,1.0,13.0,14
41828,0,1698600,23,73852,3.8,15,13,4.3,30.8,1.0,8.0,15.0,1.0,1.0,13.0,10.0,11
41823,0,1182881,22,53767,1.8,12,11,0.0,45.5,2.0,4.0,4.0,12.0,2.0,9.0,11.0,14
38467,0,15882794,103,154202,4.5,52,59,21.4,35.6,24.0,25.0,23.0,31.0,10.0,33.0,60.0,10
38475,0,6016600,61,98633,2.7,32,29,16.4,24.1,23.0,2.0,15.0,21.0,2.0,12.0,47.0,19
41812,0,1083368,28,38692,1.4,10,19,3.6,15.8,11.0,12.0,3.0,2.0,5.0,3.0,20.0,14
38485,0,13710527,112,122415,1.4,49,61,21.4,24.6,24.0,27.0,34.0,27.0,7.0,20.0,85.0,14
37816,0,814400,10,81440,2.4,8,9,20.0,22.2,1.0,1.0,7.0,2.0,7.0,1.0,3.0,12
42148,0,86000,4,21500,1.5,3,4,50.0,0.0,1.0,3.0,1.0,1.0,1.0,1.0,3.0,24
41593,0,6900927,42,164308,2.6,23,27,2.4,44.4,19.0,5.0,8.0,10.0,1.0,17.0,24.0,14
37794,0,22875648,389,58806,1.7,102,176,4.4,19.3,92.0,98.0,98.0,101.0,59.0,23.0,307.0,14
42587,0,2984470,23,129760,2.0,15,15,13.0,53.3,7.0,2.0,7.0,7.0,3.0,7.0,13.0,24
42557,0,9695030,74,131014,3.0,42,34,20.3,26.5,26.0,8.0,14.0,26.0,5.0,19.0,50.0,9
42553,0,580300,11,52755,1.7,6,8,63.6,37.5,4.0,2.0,3.0,2.0,1.0,6.0,4.0,24
37141,0,2295610,21,109315,2.3,18,16,9.5,31.2,2.0,1.0,9.0,9.0,1.0,6.0,15.0,12
37142,0,1867100,20,93355,2.4,10,14,65.0,14.3,6.0,3.0,5.0,6.0,1.0,7.0,13.0,9
37170,0,1160000,5,232000,3.8,3,2,60.0,0.0,1.0,4.0,1.0,1.0,1.0,1.0,4.0,24
37201,0,6953228,34,204507,2.2,24,18,14.7,55.6,3.0,16.0,15.0,1.0,7.0,11.0,16.0,14
37203,0,3591096,44,81616,1.5,14,21,9.1,52.4,7.0,15.0,10.0,12.0,1.0,27.0,17.0,14
37210,0,3265200,22,148418,1.7,15,16,27.3,18.8,4.0,6.0,5.0,7.0,1.0,13.0,8.0,10
37238,0,1021770,15,68118,2.3,7,11,0.0,45.5,1.0,4.0,8.0,3.0,2.0,7.0,6.0,14
37241,0,515932,14,36852,1.4,6,7,14.3,28.6,6.0,4.0,1.0,3.0,1.0,2.0,11.0,14
37246,0,6408395,52,123238,1.7,26,33,3.8,12.1,9.0,13.0,17.0,13.0,25.0,1.0,27.0,14
37253,0,1626020,17,95648,2.1,13,13,17.6,23.1,11.0,1.0,4.0,1.0,1.0,2.0,14.0,12
37302,0,201808,6,33635,1.7,6,6,16.7,16.7,1.0,1.0,1.0,3.0,1.0,1.0,5.0,19
37310,0,2141219,36,59478,2.1,17,21,11.1,42.9,5.0,7.0,13.0,11.0,3.0,5.0,28.0,12
42541,0,357477,10,35748,1.0,2,8,10.0,37.5,2.0,7.0,1.0,1.0,1.0,1.0,10.0,14
42518,0,1636570,44,37195,2.2,16,14,2.3,28.6,18.0,12.0,4.0,10.0,1.0,7.0,36.0,10
37364,0,7372204,74,99624,2.1,25,44,2.7,18.2,18.0,11.0,21.0,24.0,11.0,4.0,59.0,14
37381,0,671711,44,15266,1.5,15,27,0.0,44.4,12.0,9.0,1.0,22.0,1.0,10.0,34.0,14
37390,0,633000,14,45214,2.1,7,9,35.7,55.6,3.0,2.0,3.0,6.0,6.0,1.0,8.0,21
37391,0,7735254,65,119004,2.2,22,26,4.6,26.9,24.0,15.0,10.0,16.0,1.0,2.0,62.0,14
37122,0,762738,13,58672,1.3,7,10,7.7,60.0,6.0,2.0,5.0,1.0,2.0,1.0,11.0,14
37099,0,1561700,15,104113,1.4,10,11,0.0,54.5,1.0,4.0,9.0,2.0,3.0,2.0,10.0,5
37078,0,10258400,55,186516,3.1,28,22,10.9,45.5,6.0,22.0,8.0,19.0,1.0,18.0,37.0,5
42664,0,5437280,39,139417,1.8,25,16,7.7,31.2,13.0,8.0,3.0,15.0,11.0,12.0,16.0,3
36894,0,4278544,21,203740,2.6,8,12,19.0,25.0,1.0,5.0,3.0,12.0,1.0,9.0,11.0,9
36902,0,1786704,29,61610,1.4,9,22,0.0,36.4,1.0,18.0,10.0,1.0,1.0,24.0,5.0,14
36910,0,243000,2,121500,3.0,2,2,0.0,50.0,1.0,1.0,2.0,1.0,1.0,1.0,2.0,9
42740,0,15109607,97,155769,1.8,46,41,6.2,14.6,21.0,20.0,34.0,22.0,8.0,21.0,68.0,14
36919,0,2498400,17,146965,1.8,14,6,17.6,0.0,1.0,4.0,11.0,1.0,2.0,1.0,15.0,9
36930,0,1247765,14,89126,2.1,12,9,14.3,0.0,2.0,3.0,5.0,4.0,3.0,4.0,7.0,12
36934,0,635000,3,211667,1.0,3,2,33.3,0.0,1.0,1.0,3.0,1.0,1.0,1.0,3.0,10
36938,0,2741902,28,97925,2.4,21,12,7.1,33.3,3.0,1.0,10.0,15.0,4.0,5.0,19.0,23
36939,0,1991725,11,181066,2.8,11,7,9.1,42.9,1.0,5.0,5.0,1.0,2.0,1.0,8.0,12
42657,0,3762600,17,221329,4.6,8,9,0.0,11.1,7.0,3.0,1.0,6.0,1.0,10.0,7.0,5
37077,0,13975414,137,102010,2.5,44,68,11.7,14.7,28.0,36.0,25.0,48.0,11.0,32.0,94.0,14
42654,0,5965711,80,74571,1.4,18,49,5.0,32.7,17.0,18.0,17.0,28.0,4.0,38.0,38.0,14
36972,0,4723175,107,44142,1.3,28,53,8.4,18.9,20.0,34.0,25.0,28.0,18.0,15.0,74.0,14
36977,0,8423098,180,46795,1.1,38,115,9.4,25.2,58.0,37.0,35.0,50.0,35.0,26.0,119.0,14
37015,0,412854,15,27524,1.4,8,10,0.0,50.0,8.0,1.0,6.0,1.0,2.0,2.0,11.0,14
37020,0,38922487,81,480525,3.1,29,36,58.0,66.7,20.0,11.0,28.0,22.0,9.0,12.0,60.0,24
37028,0,846422,14,60459,1.4,11,6,28.6,33.3,2.0,1.0,2.0,10.0,1.0,6.0,8.0,12
37056,0,7094700,48,147806,2.8,24,15,14.6,73.3,24.0,1.0,10.0,14.0,6.0,1.0,42.0,21
37058,0,673375,16,42086,1.0,3,13,6.2,30.8,1.0,6.0,4.0,5.0,4.0,9.0,3.0,14
37066,0,2754200,22,125191,2.5,16,16,22.7,31.2,4.0,5.0,6.0,7.0,4.0,3.0,15.0,19
37392,0,3851578,31,124244,2.6,21,23,12.9,21.7,7.0,5.0,6.0,13.0,2.0,2.0,27.0,9
42478,0,5087200,18,282622,2.4,15,12,16.7,50.0,5.0,12.0,1.0,1.0,5.0,3.0,10.0,11
42473,0,3097600,21,147505,2.6,12,17,9.5,35.3,6.0,2.0,8.0,5.0,8.0,1.0,12.0,9
28777,0,970800,20,48540,2.5,11,11,15.0,18.2,1.0,6.0,6.0,7.0,7.0,1.0,12.0,24
37566,0,4664829,64,72888,1.9,27,27,28.1,66.7,8.0,23.0,16.0,17.0,33.0,8.0,23.0,24
42305,0,2922730,61,47914,1.2,14,43,1.6,20.9,12.0,16.0,12.0,21.0,4.0,19.0,38.0,14
42291,0,1641748,23,71380,1.4,7,21,4.3,33.3,11.0,10.0,1.0,1.0,4.0,4.0,15.0,14
37597,0,2787423,36,77428,1.8,24,22,22.2,31.8,3.0,14.0,15.0,4.0,3.0,7.0,26.0,24
37600,0,1689916,37,45673,2.4,13,15,2.7,46.7,13.0,3.0,13.0,8.0,1.0,10.0,27.0,14
37606,0,9827306,168,58496,2.0,49,62,8.3,25.8,42.0,32.0,43.0,51.0,21.0,7.0,140.0,14
37634,0,3277972,43,76232,1.6,15,27,16.3,29.6,7.0,15.0,13.0,8.0,1.0,13.0,30.0,14
42262,0,2549755,27,94435,2.6,11,10,25.9,10.0,8.0,10.0,9.0,1.0,10.0,1.0,17.0,14
37674,0,8402300,88,95481,2.2,56,29,4.5,41.4,23.0,15.0,26.0,24.0,3.0,41.0,44.0,13
42213,0,10744268,160,67152,2.1,49,57,30.6,47.4,28.0,50.0,36.0,46.0,46.0,18.0,96.0,14
37549,0,1613960,38,42473,1.2,16,20,2.6,30.0,3.0,5.0,9.0,21.0,1.0,12.0,26.0,14
42212,0,841000,5,168200,1.8,5,4,40.0,75.0,2.0,2.0,1.0,1.0,1.0,1.0,4.0,24
37755,0,4294200,27,159044,1.8,8,22,18.5,27.3,4.0,8.0,8.0,7.0,3.0,11.0,13.0,5
37758,0,1500722,21,71463,1.5,10,10,4.8,30.0,2.0,5.0,10.0,4.0,3.0,1.0,17.0,14
42209,0,3957886,99,39979,2.4,41,32,6.1,50.0,15.0,16.0,20.0,48.0,7.0,40.0,52.0,5
37764,0,662691,7,94670,2.1,6,5,28.6,20.0,1.0,2.0,1.0,4.0,1.0,1.0,7.0,14
37766,0,7774872,199,39070,1.3,46,107,0.5,30.8,42.0,28.0,72.0,57.0,47.0,8.0,144.0,14
37768,0,2360800,16,147550,1.9,14,8,12.5,50.0,2.0,1.0,1.0,13.0,1.0,2.0,13.0,11
37776,0,3536191,65,54403,1.7,24,27,1.5,44.4,11.0,18.0,16.0,20.0,24.0,3.0,38.0,14
42187,0,8805376,79,111460,2.2,31,33,25.3,39.4,14.0,27.0,26.0,12.0,13.0,7.0,59.0,24
37553,0,3353148,26,128967,1.5,11,16,0.0,43.8,2.0,1.0,7.0,16.0,3.0,3.0,20.0,14
37537,0,1803734,17,106102,2.4,13,8,17.6,50.0,11.0,1.0,1.0,5.0,1.0,5.0,12.0,12
42418,0,659720,13,50748,1.3,13,9,23.1,11.1,2.0,1.0,3.0,7.0,1.0,1.0,12.0,24
42377,0,505300,12,42108,1.7,10,6,8.3,16.7,1.0,2.0,4.0,6.0,1.0,5.0,6.0,11
37406,0,5467561,78,70097,1.6,30,37,29.5,18.9,21.0,18.0,16.0,23.0,18.0,10.0,50.0,14
37422,0,65200,2,32600,1.0,2,2,0.0,0.0,2.0,1.0,1.0,1.0,1.0,1.0,1.0,3
37433,0,11841836,188,62988,2.1,69,91,6.4,36.3,41.0,43.0,63.0,41.0,10.0,41.0,137.0,14
37436,0,4988093,145,34401,1.4,24,50,0.7,28.0,50.0,44.0,20.0,31.0,3.0,98.0,44.0,14
37439,0,13414993,118,113686,2.1,36,74,11.9,25.7,30.0,20.0,29.0,39.0,16.0,16.0,86.0,14
42414,0,1261350,23,54841,2.0,13,11,4.3,45.5,1.0,10.0,6.0,7.0,2.0,5.0,16.0,9
42385,0,8035100,26,309042,1.9,20,11,19.2,27.3,6.0,2.0,3.0,15.0,5.0,3.0,18.0,16
42379,0,1366500,52,26279,1.6,25,32,1.9,15.6,17.0,17.0,11.0,7.0,1.0,23.0,28.0,14
37468,0,977346,27,36198,1.1,10,17,7.4,47.1,1.0,6.0,8.0,12.0,5.0,1.0,21.0,14
37482,0,10739775,65,165227,1.0,25,37,60.0,21.6,16.0,7.0,10.0,32.0,2.0,1.0,63.0,9
42327,0,3203434,26,123209,2.2,15,12,0.0,83.3,2.0,13.0,3.0,8.0,3.0,20.0,3.0,5
37509,0,3394807,42,80829,1.7,20,18,4.8,83.3,1.0,1.0,14.0,26.0,5.0,7.0,30.0,9
37512,0,3493450,36,97040,2.4,23,17,5.6,58.8,14.0,4.0,4.0,14.0,6.0,7.0,23.0,14
42354,0,2984400,15,198960,2.6,13,9,13.3,55.6,1.0,6.0,7.0,2.0,1.0,3.0,11.0,5
37515,0,1444612,44,32832,1.1,21,20,0.0,30.0,9.0,5.0,11.0,19.0,7.0,31.0,6.0,14
42345,0,919417,25,36777,1.2,13,14,4.0,0.0,2.0,1.0,7.0,16.0,9.0,1.0,16.0,14
37521,0,2343770,28,83706,1.8,14,18,10.7,50.0,3.0,4.0,13.0,8.0,8.0,4.0,16.0,14
37526,0,863677,15,57578,1.4,6,9,6.7,44.4,1.0,3.0,2.0,9.0,8.0,2.0,5.0,14
37532,0,5458943,75,72786,2.0,45,36,16.0,30.6,19.0,17.0,27.0,12.0,18.0,3.0,54.0,24
37533,0,4261477,34,125338,2.4,20,19,38.2,47.4,6.0,1.0,13.0,14.0,1.0,2.0,32.0,14
38745,0,1080200,8,135025,2.5,7,6,12.5,16.7,2.0,3.0,3.0,1.0,1.0,1.0,8.0,13
38787,0,3140825,76,41327,1.4,43,32,6.6,21.9,13.0,10.0,15.0,38.0,31.0,1.0,44.0,14
36883,0,23496724,164,143273,2.0,72,83,22.0,39.8,46.0,25.0,54.0,39.0,7.0,78.0,79.0,24
39749,0,1974602,26,75946,1.9,14,14,11.5,64.3,6.0,12.0,6.0,2.0,1.0,4.0,22.0,14
40075,0,11546493,36,320736,2.8,22,27,8.3,66.7,3.0,10.0,14.0,9.0,1.0,6.0,29.0,21
41019,0,168600,9,18733,1.2,6,5,22.2,60.0,2.0,1.0,1.0,6.0,4.0,2.0,3.0,12
40111,0,3178041,57,55755,1.6,24,25,3.5,36.0,16.0,1.0,19.0,21.0,27.0,1.0,29.0,14
40119,0,720008,14,51429,1.9,10,11,7.1,27.3,1.0,3.0,6.0,4.0,1.0,4.0,10.0,12
41010,0,1775640,20,88782,2.0,16,11,20.0,54.5,2.0,10.0,3.0,5.0,3.0,2.0,15.0,24
40136,0,2463200,40,61580,2.2,20,19,5.0,26.3,12.0,17.0,1.0,10.0,1.0,20.0,19.0,11
40138,0,18222300,59,308853,3.9,23,31,3.4,9.7,10.0,14.0,23.0,12.0,8.0,1.0,50.0,5
40140,0,907000,13,69769,1.9,6,11,15.4,9.1,1.0,8.0,1.0,3.0,4.0,1.0,8.0,24
40945,0,1279000,12,106583,1.5,12,8,8.3,62.5,1.0,4.0,8.0,1.0,2.0,6.0,4.0,7
40160,0,13839962,173,80000,1.8,52,103,20.8,49.5,42.0,31.0,39.0,61.0,14.0,7.0,152.0,14
40944,0,2230000,31,71935,1.4,18,19,16.1,31.6,6.0,7.0,12.0,6.0,4.0,8.0,19.0,19
40925,0,1425659,15,95044,1.4,6,9,0.0,11.1,1.0,5.0,6.0,3.0,1.0,1.0,14.0,14
40907,0,4185843,97,43153,1.3,24,78,5.2,44.9,19.0,26.0,26.0,26.0,22.0,6.0,69.0,14
40190,0,1702700,16,106419,3.6,15,14,6.2,42.9,1.0,4.0,5.0,6.0,2.0,5.0,9.0,3
40206,0,2233484,18,124082,2.3,8,11,33.3,27.3,4.0,5.0,9.0,1.0,1.0,1.0,18.0,24
40875,0,1361000,10,136100,2.4,10,7,10.0,100.0,6.0,2.0,1.0,2.0,1.0,1.0,9.0,19
40235,0,1569920,51,30783,1.9,20,25,13.7,44.0,2.0,20.0,11.0,18.0,1.0,12.0,38.0,11
40237,0,1329857,26,51148,1.5,14,11,11.5,63.6,1.0,1.0,8.0,16.0,3.0,7.0,16.0,14
40863,0,12538293,88,142481,2.2,25,50,1.1,38.0,16.0,36.0,19.0,17.0,16.0,11.0,61.0,19
40244,0,3995913,42,95141,1.5,28,30,4.8,16.7,1.0,11.0,16.0,14.0,8.0,7.0,27.0,14
40246,0,5580669,21,265746,3.5,13,11,19.0,36.4,2.0,5.0,10.0,4.0,6.0,5.0,10.0,14
41041,0,239000,3,79667,1.3,3,3,33.3,0.0,1.0,1.0,1.0,2.0,1.0,1.0,2.0,9
40000,0,9809860,69,142172,2.0,37,26,8.7,30.8,16.0,1.0,27.0,25.0,15.0,1.0,54.0,5
41047,0,10564595,109,96923,2.3,50,46,3.7,26.1,17.0,33.0,30.0,29.0,19.0,7.0,83.0,14
39865,0,5859172,56,104628,1.9,22,28,16.1,28.6,16.0,12.0,11.0,17.0,17.0,1.0,39.0,14
39753,0,2626650,36,72962,2.2,21,19,19.4,36.8,7.0,6.0,17.0,6.0,1.0,9.0,26.0,12
39777,0,5426783,56,96907,2.0,26,26,12.5,30.8,9.0,20.0,17.0,10.0,1.0,10.0,45.0,14
41097,0,3640578,23,158286,2.5,21,16,13.0,62.5,5.0,9.0,4.0,5.0,3.0,7.0,13.0,5
39788,0,920048,14,65718,1.9,8,10,7.1,30.0,3.0,5.0,4.0,2.0,7.0,2.0,5.0,14
39791,0,1364000,5,272800,3.0,4,4,20.0,50.0,1.0,1.0,3.0,1.0,1.0,1.0,4.0,19
39828,0,8109751,109,74401,2.0,54,56,25.7,35.7,22.0,26.0,34.0,27.0,20.0,29.0,60.0,24
39831,0,1217637,17,71626,1.5,8,9,11.8,66.7,4.0,4.0,5.0,4.0,1.0,4.0,13.0,14
39846,0,2597858,26,99918,2.0,18,16,3.8,37.5,5.0,7.0,7.0,7.0,4.0,3.0,19.0,12
39856,0,746312,10,74631,2.4,7,5,10.0,20.0,1.0,1.0,5.0,4.0,1.0,2.0,8.0,12
41090,0,2404736,33,72871,2.2,12,20,6.1,20.0,9.0,6.0,12.0,6.0,3.0,1.0,29.0,14
39994,0,8445545,153,55200,1.3,38,71,2.6,47.9,40.0,31.0,37.0,45.0,2.0,21.0,130.0,14
41089,0,577000,5,115400,1.6,5,4,40.0,25.0,1.0,2.0,3.0,1.0,1.0,3.0,2.0,24
39886,0,2890000,13,222308,2.2,11,9,0.0,44.4,3.0,5.0,1.0,4.0,3.0,4.0,6.0,7
39893,0,4961600,24,206733,2.7,14,11,0.0,45.5,5.0,4.0,7.0,8.0,1.0,6.0,17.0,12
39898,0,198600,5,39720,1.4,4,4,40.0,25.0,1.0,1.0,3.0,2.0,1.0,4.0,1.0,7
39909,0,3001580,35,85759,2.3,26,17,17.1,76.5,2.0,3.0,18.0,12.0,9.0,5.0,21.0,11
41079,0,4327970,27,160295,2.3,21,14,11.1,50.0,2.0,1.0,12.0,12.0,3.0,1.0,24.0,11
39919,0,508000,6,84667,2.2,5,4,50.0,25.0,1.0,3.0,1.0,3.0,1.0,1.0,6.0,24
41056,0,20993044,138,152124,1.8,76,48,2.9,31.2,21.0,66.0,35.0,16.0,7.0,23.0,108.0,14
39966,0,975550,10,97555,1.8,7,4,10.0,25.0,1.0,1.0,2.0,8.0,4.0,1.0,6.0,16
40258,0,1979088,66,29986,1.5,28,38,1.5,26.3,19.0,7.0,2.0,38.0,10.0,19.0,37.0,14
40859,0,1804909,29,62238,1.9,22,15,6.9,33.3,2.0,9.0,2.0,16.0,1.0,19.0,9.0,11
40856,0,773295,10,77330,1.4,5,5,20.0,40.0,1.0,6.0,1.0,3.0,1.0,3.0,7.0,14
40535,0,168000,5,33600,3.0,2,1,0.0,0.0,5.0,1.0,1.0,1.0,2.0,1.0,2.0,24
40449,0,2790667,14,199333,2.1,10,11,21.4,45.5,1.0,5.0,7.0,2.0,4.0,4.0,6.0,14
40454,0,2837750,24,118240,1.9,17,9,8.3,66.7,6.0,10.0,8.0,1.0,1.0,16.0,8.0,14
40465,0,1913200,15,127547,2.5,12,15,20.0,46.7,5.0,2.0,4.0,4.0,1.0,2.0,12.0,24
40472,0,35000,1,35000,1.0,1,1,0.0,100.0,1.0,1.0,1.0,1.0,1.0,1.0,1.0,24
40700,0,21513720,28,768347,2.9,24,11,39.3,63.6,2.0,5.0,16.0,5.0,7.0,3.0,18.0,24
40514,0,6540215,54,121115,2.5,31,30,11.1,26.7,10.0,11.0,20.0,13.0,6.0,1.0,47.0,9
40518,0,14627886,183,79934,1.4,22,114,1.6,36.0,27.0,51.0,63.0,42.0,46.0,24.0,113.0,14
40520,0,45115051,196,230179,1.3,60,88,52.6,29.5,51.0,55.0,43.0,47.0,51.0,6.0,139.0,8
40527,0,550000,4,137500,2.5,4,2,25.0,100.0,4.0,1.0,1.0,1.0,1.0,1.0,4.0,21
40542,0,2549800,30,84993,1.4,21,13,13.3,38.5,13.0,5.0,12.0,1.0,2.0,5.0,23.0,24
40427,0,5384730,53,101599,3.1,31,29,18.9,27.6,12.0,4.0,15.0,22.0,5.0,20.0,28.0,14
40551,0,1808000,16,113000,1.8,11,14,12.5,50.0,6.0,4.0,3.0,3.0,1.0,9.0,6.0,19
40558,0,2954321,41,72057,1.6,27,24,9.8,33.3,5.0,17.0,10.0,9.0,1.0,21.0,20.0,14
40572,0,5910570,46,128491,1.7,29,26,6.5,50.0,17.0,4.0,10.0,15.0,2.0,14.0,30.0,19
40582,0,2890568,55,52556,1.6,20,20,1.8,35.0,25.0,16.0,4.0,10.0,8.0,13.0,34.0,14
40583,0,243000,8,30375,1.2,6,4,75.0,75.0,2.0,4.0,2.0,1.0,1.0,6.0,2.0,24
40624,0,4750700,51,93151,3.0,31,17,3.9,17.6,21.0,7.0,8.0,15.0,6.0,6.0,39.0,11
40655,0,461000,5,92200,2.8,3,4,0.0,25.0,1.0,3.0,1.0,1.0,1.0,2.0,2.0,24
40662,0,1511900,36,41997,1.4,12,32,0.0,12.5,9.0,9.0,4.0,14.0,7.0,1.0,28.0,14
40664,0,4696700,14,335479,2.6,11,8,14.3,25.0,4.0,1.0,4.0,5.0,1.0,2.0,11.0,10
40713,0,2717523,64,42461,1.7,22,37,1.6,32.4,8.0,9.0,16.0,31.0,10.0,9.0,45.0,14
40424,0,5258817,100,52588,2.0,38,41,9.0,56.1,24.0,15.0,44.0,17.0,22.0,17.0,61.0,14
40837,0,4427301,89,49745,2.4,45,38,1.1,42.1,13.0,28.0,26.0,22.0,8.0,18.0,63.0,14
40317,0,11006600,47,234183,3.6,28,25,19.1,32.0,2.0,19.0,10.0,16.0,4.0,18.0,25.0,24
40281,0,3071100,29,105900,2.9,12,21,34.5,38.1,8.0,4.0,10.0,7.0,2.0,1.0,27.0,24
40285,0,5323000,30,177433,1.9,17,19,20.0,47.4,9.0,15.0,2.0,4.0,6.0,7.0,17.0,24
40834,0,8163164,90,90702,2.0,45,50,6.7,24.0,24.0,13.0,3.0,50.0,14.0,11.0,65.0,14
40294,0,7677770,31,247670,3.5,21,15,32.3,20.0,3.0,9.0,1.0,18.0,3.0,1.0,28.0,9
40301,0,9244691,66,140071,1.9,26,41,16.7,70.7,13.0,16.0,17.0,20.0,1.0,16.0,50.0,14
40304,0,1813107,28,64754,2.2,10,15,3.6,40.0,15.0,5.0,3.0,5.0,12.0,1.0,16.0,14
40310,0,2252514,12,187710,4.8,10,11,8.3,27.3,6.0,5.0,1.0,1.0,1.0,1.0,12.0,14
40823,0,796160,8,99520,2.0,8,5,25.0,0.0,1.0,3.0,3.0,1.0,1.0,1.0,8.0,12
40312,0,201000,2,100500,2.0,2,2,50.0,50.0,1.0,1.0,1.0,1.0,1.0,1.0,1.0,9
40332,0,3789358,145,26134,1.5,33,75,29.7,37.3,34.0,22.0,29.0,60.0,59.0,18.0,68.0,14
40419,0,1087875,26,41841,1.7,14,18,23.1,83.3,6.0,1.0,2.0,17.0,8.0,1.0,18.0,14
40363,0,3929086,36,109141,2.1,19,14,22.2,28.6,1.0,7.0,5.0,23.0,3.0,2.0,31.0,14
40778,0,3014042,49,61511,1.8,27,31,0.0,25.8,13.0,7.0,19.0,10.0,7.0,7.0,35.0,3
40756,0,1120243,54,20745,1.5,12,36,1.9,33.3,18.0,16.0,13.0,7.0,5.0,12.0,37.0,14
40383,0,217000,4,54250,1.5,4,2,25.0,0.0,1.0,1.0,2.0,2.0,2.0,1.0,2.0,21
40398,0,4782754,73,65517,1.9,43,31,11.0,29.0,4.0,24.0,27.0,18.0,14.0,1.0,59.0,9
40753,0,4764400,38,125379,1.4,20,24,18.4,41.7,3.0,10.0,19.0,6.0,8.0,4.0,26.0,23
40716,0,4481640,41,109308,1.7,21,32,14.6,40.6,6.0,12.0,7.0,16.0,13.0,1.0,27.0,14
40417,0,3462188,33,104915,2.8,12,15,0.0,66.7,7.0,2.0,5.0,19.0,2.0,7.0,24.0,14
40714,0,2738700,14,195621,1.0,10,5,0.0,80.0,2.0,2.0,1.0,10.0,5.0,3.0,6.0,19
39751,0,9128700,72,126788,2.0,46,34,9.7,26.5,7.0,24.0,22.0,19.0,8.0,6.0,58.0,9
41101,0,3310300,43,76984,1.9,25,26,4.7,30.8,2.0,14.0,23.0,4.0,7.0,8.0,28.0,12
41592,0,996500,6,166083,2.7,3,4,16.7,75.0,3.0,2.0,1.0,1.0,1.0,1.0,5.0,22
41117,0,1673780,16,104611,2.8,13,13,6.2,15.4,4.0,7.0,3.0,2.0,2.0,4.0,10.0,3
41485,0,7775460,24,323978,1.6,15,13,62.5,38.5,11.0,1.0,4.0,9.0,1.0,3.0,20.0,8
39017,0,988820,12,82402,1.8,8,6,50.0,33.3,1.0,4.0,3.0,5.0,1.0,2.0,10.0,24
39031,0,690000,9,76667,2.1,4,6,44.4,50.0,1.0,1.0,6.0,3.0,2.0,4.0,3.0,10
39035,0,15720405,81,194079,1.9,42,23,29.6,26.1,40.0,10.0,8.0,23.0,3.0,10.0,68.0,8
39043,0,4918260,56,87826,2.1,37,32,5.4,31.2,10.0,21.0,19.0,6.0,7.0,8.0,41.0,12
39049,0,911800,14,65129,2.0,13,8,21.4,25.0,6.0,1.0,5.0,3.0,1.0,4.0,9.0,16
39056,0,27000,1,27000,1.0,1,1,100.0,100.0,1.0,1.0,1.0,1.0,1.0,1.0,1.0,24
39083,0,970000,11,88182,2.1,10,6,9.1,66.7,10.0,1.0,1.0,1.0,1.0,8.0,3.0,15
39089,0,7675234,140,54823,1.3,34,60,5.7,45.0,33.0,47.0,40.0,20.0,18.0,70.0,52.0,14
39096,0,3317448,32,103670,1.7,23,18,9.4,11.1,7.0,5.0,12.0,8.0,6.0,1.0,26.0,21
39112,0,38710208,180,215057,1.2,86,63,22.8,30.2,88.0,33.0,42.0,17.0,46.0,14.0,120.0,17
41472,0,1838270,17,108134,1.6,7,9,70.6,22.2,2.0,4.0,2.0,9.0,2.0,1.0,15.0,24
39121,0,295000,1,295000,3.0,1,1,100.0,0.0,1.0,1.0,1.0,1.0,1.0,1.0,1.0,24
39139,0,3041400,17,178906,2.5,11,7,5.9,14.3,1.0,5.0,12.0,1.0,1.0,5.0,12.0,19
39150,0,8812664,48,183597,2.5,32,21,31.2,14.3,10.0,3.0,15.0,20.0,5.0,4.0,39.0,8
39162,0,2271086,17,133593,2.2,11,11,47.1,27.3,1.0,3.0,5.0,8.0,2.0,2.0,13.0,8
39175,0,2266000,21,107905,2.9,18,18,9.5,0.0,5.0,4.0,6.0,6.0,4.0,1.0,16.0,9
41435,0,2500167,18,138898,2.3,13,11,22.2,18.2,5.0,3.0,4.0,6.0,2.0,2.0,14.0,17
41414,0,65073437,146,445708,2.6,55,67,31.5,28.4,41.0,18.0,30.0,57.0,59.0,9.0,78.0,11
39201,0,3901140,46,84807,2.1,26,25,6.5,32.0,12.0,12.0,13.0,9.0,3.0,15.0,28.0,12
39218,0,4087321,29,140942,1.6,22,14,3.4,21.4,2.0,3.0,11.0,13.0,4.0,7.0,18.0,9
39004,0,3037851,27,112513,1.7,13,18,3.7,44.4,7.0,7.0,4.0,9.0,2.0,7.0,18.0,14
38998,0,2856100,21,136005,1.0,14,17,33.3,47.1,4.0,6.0,3.0,8.0,2.0,4.0,15.0,24
38987,0,11455097,81,141421,2.5,38,33,18.5,51.5,15.0,27.0,21.0,18.0,10.0,16.0,55.0,14
38867,0,1694454,20,84723,2.5,17,16,5.0,43.8,4.0,3.0,6.0,7.0,2.0,1.0,17.0,10
41545,0,50000,1,50000,1.0,1,1,0.0,0.0,1.0,1.0,1.0,1.0,1.0,1.0,1.0,24
38816,0,1683470,8,210434,2.2,7,5,37.5,20.0,4.0,2.0,2.0,1.0,1.0,1.0,7.0,9
38824,0,1251257,31,40363,1.5,12,13,25.8,30.8,15.0,7.0,3.0,6.0,4.0,6.0,21.0,14
38830,0,1905900,28,68068,2.1,18,20,10.7,30.0,5.0,8.0,11.0,4.0,2.0,12.0,14.0,24
38849,0,660648,8,82581,2.2,5,6,12.5,50.0,1.0,1.0,2.0,5.0,1.0,4.0,3.0,16
38852,0,3881160,55,70567,2.6,25,21,18.2,28.6,8.0,16.0,28.0,3.0,19.0,1.0,35.0,1
41544,0,6967439,70,99535,1.0,28,35,4.3,40.0,21.0,19.0,16.0,14.0,26.0,8.0,36.0,14
38857,0,1096900,6,182817,2.5,4,5,50.0,40.0,3.0,1.0,1.0,2.0,1.0,3.0,2.0,3
41543,0,5597209,53,105608,2.4,31,27,47.2,44.4,11.0,12.0,15.0,15.0,24.0,3.0,26.0,24
38870,0,344600,4,86150,2.0,4,4,25.0,25.0,1.0,3.0,1.0,1.0,1.0,1.0,3.0,7
38972,0,5460638,55,99284,1.8,22,35,12.7,34.3,17.0,13.0,13.0,12.0,24.0,1.0,31.0,14
41542,0,2306656,39,59145,2.0,16,25,7.7,24.0,6.0,11.0,12.0,10.0,1.0,15.0,23.0,24
38889,0,10705034,22,486592,2.3,12,9,27.3,33.3,4.0,6.0,4.0,8.0,2.0,4.0,16.0,15
38895,0,39100,2,19550,1.0,2,1,50.0,0.0,1.0,2.0,1.0,1.0,1.0,1.0,2.0,7
38909,0,426000,4,106500,3.2,4,4,25.0,50.0,2.0,1.0,1.0,2.0,1.0,1.0,2.0,24
38920,0,10521800,19,553779,2.6,14,11,0.0,45.5,5.0,2.0,10.0,2.0,3.0,6.0,10.0,2
38934,0,2174286,13,167253,3.2,9,10,38.5,20.0,6.0,3.0,1.0,3.0,2.0,1.0,10.0,14
38936,0,268000,7,38286,2.1,5,5,28.6,0.0,3.0,1.0,1.0,3.0,1.0,1.0,7.0,24
41494,0,939625,13,72279,2.1,7,3,23.1,0.0,1.0,1.0,7.0,6.0,1.0,1.0,12.0,11
38963,0,1945400,24,81058,2.2,22,11,20.8,27.3,1.0,4.0,14.0,6.0,9.0,3.0,12.0,24
39220,0,1468400,20,73420,4.0,14,16,5.0,6.2,10.0,2.0,1.0,7.0,1.0,7.0,13.0,11
39237,0,2061711,26,79297,1.6,10,20,7.7,15.0,8.0,2.0,7.0,9.0,1.0,2.0,23.0,14
39241,0,2388040,25,95522,1.6,18,13,12.0,38.5,3.0,10.0,5.0,7.0,2.0,1.0,22.0,13
39630,0,68000,14,4857,2.9,7,10,7.1,50.0,6.0,7.0,1.0,1.0,1.0,1.0,12.0,23
39507,0,12250770,68,180158,2.8,29,38,14.7,28.9,17.0,18.0,19.0,14.0,10.0,4.0,54.0,12
41242,0,2632400,18,146244,2.4,13,12,11.1,25.0,8.0,5.0,4.0,1.0,1.0,9.0,8.0,23
39560,0,30224956,119,253991,8.4,52,46,17.6,30.4,65.0,16.0,1.0,38.0,11.0,8.0,100.0,15
39568,0,1027561,37,27772,1.8,18,26,5.4,23.1,5.0,9.0,10.0,13.0,1.0,4.0,32.0,14
39581,0,3988862,26,153418,1.0,21,14,23.1,64.3,5.0,2.0,10.0,9.0,2.0,2.0,22.0,9
39605,0,1042050,14,74432,1.9,12,10,0.0,30.0,3.0,4.0,1.0,7.0,6.0,1.0,7.0,16
41217,0,375000,11,34091,3.0,5,3,27.3,33.3,3.0,1.0,8.0,1.0,3.0,3.0,5.0,10
41199,0,295000,3,98333,1.0,3,1,66.7,0.0,1.0,1.0,1.0,3.0,1.0,1.0,3.0,24
39613,0,4036700,29,139197,2.5,21,17,3.4,47.1,10.0,1.0,2.0,16.0,2.0,10.0,17.0,19
41176,0,17778692,304,58483,1.4,58,130,9.5,43.1,67.0,68.0,76.0,93.0,38.0,94.0,172.0,14
39452,0,6465301,94,68780,2.0,57,49,25.5,36.7,11.0,28.0,23.0,32.0,6.0,32.0,56.0,24
41166,0,3101830,45,68930,1.9,20,30,6.7,26.7,11.0,7.0,6.0,21.0,33.0,1.0,12.0,24
41146,0,3165702,27,117248,1.9,22,13,18.5,30.8,15.0,3.0,5.0,4.0,4.0,1.0,23.0,13
39643,0,1810900,23,78735,2.4,20,6,21.7,50.0,1.0,14.0,9.0,1.0,1.0,8.0,14.0,24
39644,0,894544,31,28856,1.3,14,18,0.0,33.3,7.0,11.0,11.0,2.0,1.0,7.0,24.0,12
39656,0,7335060,74,99122,2.9,41,32,10.8,25.0,13.0,25.0,13.0,23.0,15.0,16.0,43.0,3
39660,0,631822,93,6794,1.2,17,60,1.1,15.0,21.0,11.0,32.0,29.0,13.0,28.0,52.0,14
39676,0,1133548,21,53978,1.8,7,16,4.8,56.2,7.0,3.0,3.0,8.0,10.0,1.0,11.0,14
41140,0,21537600,93,231587,1.3,47,44,46.2,31.8,20.0,18.0,32.0,23.0,21.0,3.0,69.0,24
39709,0,3316174,104,31886,1.2,18,80,1.0,32.5,22.0,19.0,34.0,29.0,3.0,22.0,79.0,14
39504,0,1545935,26,59459,1.6,18,18,7.7,38.9,9.0,6.0,11.0,1.0,2.0,4.0,20.0,24
41262,0,173569,4,43392,1.0,4,4,0.0,75.0,1.0,2.0,1.0,1.0,1.0,1.0,3.0,7
39243,0,4468493,115,38856,1.3,36,61,4.3,23.0,26.0,24.0,32.0,33.0,1.0,16.0,99.0,14
39319,0,279000,2,139500,2.0,2,1,0.0,100.0,1.0,1.0,1.0,2.0,1.0,1.0,2.0,23
39249,0,2416588,25,96664,1.5,16,17,12.0,29.4,4.0,9.0,6.0,6.0,2.0,1.0,22.0,14
39253,0,3291900,30,109730,1.2,23,12,6.7,41.7,2.0,16.0,1.0,12.0,8.0,2.0,20.0,21
41363,0,2860162,17,168245,2.9,10,13,17.6,15.4,8.0,1.0,6.0,2.0,1.0,1.0,17.0,10
41353,0,882520,13,67886,1.9,9,10,15.4,50.0,4.0,1.0,1.0,8.0,4.0,2.0,7.0,24
41345,0,1213800,9,134867,1.8,3,6,88.9,66.7,1.0,1.0,6.0,3.0,7.0,1.0,2.0,24
41343,0,626200,8,78275,2.0,6,4,37.5,0.0,1.0,1.0,2.0,6.0,3.0,3.0,2.0,24
39296,0,4677370,59,79277,2.4,34,29,13.6,27.6,17.0,22.0,8.0,12.0,8.0,12.0,39.0,12
41322,0,404285,3,134762,2.3,3,2,33.3,0.0,1.0,1.0,2.0,1.0,1.0,1.0,2.0,22
39302,0,2023485,24,84312,2.7,17,15,12.5,26.7,2.0,1.0,5.0,17.0,17.0,2.0,5.0,10
41318,0,208700,5,41740,1.8,5,5,0.0,20.0,3.0,1.0,1.0,1.0,1.0,1.0,3.0,24
39418,0,3256820,40,81420,2.6,30,23,2.5,52.2,9.0,15.0,13.0,3.0,1.0,34.0,6.0,7
41298,0,319000,2,159500,1.0,2,2,0.0,50.0,1.0,1.0,1.0,1.0,1.0,2.0,2.0,23
41297,0,1116400,21,53162,1.6,13,12,4.8,58.3,6.0,6.0,4.0,5.0,2.0,1.0,18.0,12
39336,0,2840438,31,91627,2.4,22,9,3.2,33.3,2.0,5.0,4.0,20.0,6.0,1.0,25.0,11
41293,0,14390187,149,96578,2.0,68,63,8.1,50.8,40.0,29.0,37.0,43.0,18.0,6.0,125.0,14
39337,0,1180000,20,59000,2.5,12,9,5.0,0.0,9.0,2.0,5.0,4.0,1.0,2.0,17.0,11
39338,0,1908745,15,127250,2.4,12,10,20.0,40.0,1.0,3.0,2.0,9.0,2.0,11.0,2.0,3
39344,0,2086774,15,139118,2.3,10,10,33.3,10.0,5.0,1.0,1.0,9.0,3.0,4.0,8.0,12
41267,0,2935590,34,86341,1.4,24,13,8.8,30.8,20.0,10.0,4.0,1.0,6.0,9.0,19.0,11
39415,0,4935632,71,69516,1.6,39,43,5.6,20.9,32.0,11.0,11.0,17.0,17.0,10.0,44.0,14
42761,0,14615096,67,218136,2.5,23,33,10.4,39.4,9.0,1.0,17.0,41.0,11.0,19.0,37.0,5
42764,0,6281931,44,142771,2.3,32,23,11.4,39.1,21.0,6.0,12.0,5.0,15.0,9.0,20.0,16
33544,0,5838994,69,84623,2.0,22,31,0.0,67.7,9.0,35.0,15.0,10.0,4.0,21.0,44.0,19
44721,0,7003300,44,159166,1.0,32,15,2.3,6.7,3.0,9.0,7.0,25.0,12.0,2.0,30.0,11
44482,0,693000,5,138600,1.8,5,5,20.0,60.0,1.0,1.0,1.0,4.0,1.0,2.0,3.0,22
34500,0,224000,3,74667,1.7,3,2,33.3,50.0,1.0,2.0,1.0,1.0,1.0,1.0,3.0,24
34503,0,4915820,52,94535,2.1,24,25,3.8,32.0,14.0,8.0,22.0,8.0,5.0,4.0,43.0,10
34509,0,2501620,36,69489,1.8,29,27,5.6,40.7,8.0,9.0,6.0,13.0,5.0,18.0,13.0,9
34512,0,16185504,115,140744,1.7,42,57,11.3,21.1,29.0,22.0,31.0,33.0,17.0,21.0,77.0,11
34535,0,5415100,108,50140,2.4,49,43,29.6,34.9,17.0,35.0,34.0,22.0,16.0,16.0,76.0,9
44473,0,5314600,19,279716,2.9,13,16,26.3,31.2,1.0,8.0,5.0,5.0,3.0,1.0,15.0,5
34559,0,1448305,20,72415,1.6,14,8,20.0,37.5,3.0,2.0,1.0,14.0,2.0,2.0,16.0,9
44462,0,1611000,28,57536,2.9,12,16,75.0,25.0,10.0,1.0,5.0,13.0,4.0,2.0,22.0,8
34572,0,58000,1,58000,3.0,1,1,100.0,0.0,1.0,1.0,1.0,1.0,1.0,1.0,1.0,24
34581,0,12589857,96,131144,2.0,43,41,11.5,22.0,29.0,14.0,32.0,21.0,40.0,9.0,47.0,9
34597,0,2040800,32,63775,2.1,13,17,43.8,17.6,12.0,7.0,1.0,12.0,8.0,1.0,24.0,24
34624,0,2846674,36,79074,1.8,20,18,2.8,27.8,8.0,5.0,16.0,7.0,7.0,1.0,29.0,9
44439,0,257000,3,85667,1.0,1,2,0.0,50.0,1.0,1.0,3.0,1.0,1.0,1.0,2.0,24
34642,0,6402420,41,156157,2.8,24,21,12.2,23.8,7.0,7.0,10.0,17.0,18.0,1.0,23.0,13
44384,0,38685340,88,439606,2.5,51,48,38.6,35.4,23.0,19.0,23.0,23.0,3.0,20.0,65.0,9
44383,0,1242100,10,124210,2.4,9,7,30.0,14.3,1.0,2.0,5.0,2.0,4.0,1.0,6.0,3
34690,0,174400,2,87200,3.0,2,2,0.0,50.0,1.0,1.0,1.0,1.0,1.0,1.0,1.0,12
34724,0,52000,1,52000,1.0,1,1,100.0,0.0,1.0,1.0,1.0,1.0,1.0,1.0,2.0,24
34726,0,12262684,132,92899,1.5,55,56,8.3,42.9,35.0,28.0,27.0,42.0,2.0,47.0,83.0,14
34734,0,767028,12,63919,2.0,10,7,8.3,57.1,4.0,2.0,1.0,5.0,1.0,3.0,8.0,12
34494,0,16811969,178,94449,2.6,29,104,44.9,22.1,49.0,27.0,38.0,64.0,22.0,11.0,145.0,14
44496,0,5132112,32,160378,5.6,22,18,15.6,55.6,6.0,11.0,9.0,6.0,2.0,4.0,26.0,9
34493,0,2011748,27,74509,2.3,18,20,3.7,60.0,7.0,2.0,12.0,6.0,4.0,11.0,12.0,12
34357,0,1642049,40,41051,1.9,24,22,10.0,31.8,5.0,3.0,8.0,24.0,9.0,1.0,30.0,9
34333,0,192106,4,48026,1.5,2,4,50.0,0.0,2.0,1.0,1.0,1.0,3.0,1.0,1.0,14
44680,0,4441852,22,201902,1.3,16,14,0.0,42.9,8.0,2.0,10.0,2.0,1.0,6.0,16.0,12
44679,0,762000,4,190500,2.5,4,2,25.0,50.0,1.0,1.0,4.0,1.0,1.0,1.0,3.0,24
44673,0,4825200,118,40892,2.5,43,46,1.7,28.3,30.0,17.0,29.0,42.0,1.0,23.0,94.0,12
34334,0,6033590,27,223466,2.1,20,16,14.8,37.5,6.0,7.0,8.0,6.0,1.0,2.0,24.0,12
44664,0,7820381,155,50454,1.3,29,78,1.9,43.6,51.0,25.0,27.0,52.0,18.0,17.0,120.0,14
34337,0,1432300,24,59679,1.8,20,14,8.3,57.1,6.0,6.0,5.0,7.0,2.0,4.0,18.0,9
44663,0,510996,9,56777,1.4,3,5,11.1,60.0,1.0,8.0,1.0,1.0,2.0,2.0,5.0,14
44661,0,1111240,10,111124,1.0,10,3,10.0,66.7,7.0,1.0,3.0,1.0,1.0,3.0,7.0,10
34360,0,124430,8,15554,1.0,4,3,12.5,0.0,1.0,1.0,8.0,1.0,1.0,1.0,8.0,14
44501,0,1530520,13,117732,2.4,8,9,38.5,11.1,1.0,4.0,5.0,4.0,3.0,1.0,10.0,24
44636,0,614500,22,27932,1.0,9,12,45.5,33.3,5.0,12.0,1.0,4.0,1.0,5.0,17.0,24
44594,0,558324,24,23264,1.2,7,15,4.2,13.3,9.0,4.0,3.0,8.0,2.0,12.0,10.0,14
44584,0,5458954,106,51500,2.0,48,40,0.9,50.0,9.0,19.0,47.0,31.0,11.0,25.0,70.0,13
34387,0,954500,18,53028,2.8,10,6,5.6,50.0,7.0,1.0,11.0,1.0,1.0,14.0,4.0,21
34393,0,9264700,41,225968,2.3,31,17,41.5,41.2,1.0,17.0,8.0,16.0,4.0,5.0,32.0,8
44567,0,977020,9,108558,1.9,7,3,11.1,66.7,1.0,1.0,2.0,7.0,1.0,1.0,8.0,14
44552,0,2039200,20,101960,1.7,15,18,5.0,44.4,6.0,3.0,3.0,8.0,2.0,1.0,17.0,7
34423,0,1867000,13,143615,2.7,11,7,0.0,28.6,1.0,5.0,5.0,2.0,4.0,1.0,9.0,9
34467,0,4291400,31,138432,2.8,24,11,3.2,36.4,5.0,8.0,16.0,2.0,3.0,10.0,18.0,9
34736,0,1580542,9,175616,1.9,7,8,11.1,12.5,2.0,5.0,1.0,1.0,1.0,1.0,8.0,14
34747,0,7275169,156,46636,1.5,37,68,2.6,54.4,27.0,21.0,42.0,66.0,33.0,29.0,94.0,14
34757,0,466873,13,35913,1.8,7,9,7.7,55.6,3.0,1.0,4.0,5.0,3.0,1.0,9.0,14
35054,0,1113100,19,58584,2.3,10,11,36.8,45.5,1.0,10.0,2.0,6.0,1.0,6.0,13.0,24
44063,0,3201984,64,50031,1.6,24,26,4.7,38.5,9.0,10.0,23.0,22.0,4.0,5.0,55.0,14
44031,0,11140308,271,41108,1.3,55,115,4.8,25.2,74.0,79.0,53.0,65.0,15.0,90.0,166.0,14
34982,0,649000,10,64900,1.6,5,6,60.0,33.3,1.0,2.0,2.0,5.0,2.0,5.0,3.0,24
44023,0,513000,5,102600,2.2,4,4,20.0,0.0,1.0,1.0,2.0,1.0,1.0,1.0,5.0,22
35000,0,377903,10,37790,1.4,7,9,30.0,33.3,2.0,4.0,1.0,3.0,3.0,1.0,7.0,9
35008,0,3333640,33,101019,2.4,21,17,0.0,17.6,11.0,7.0,7.0,8.0,5.0,5.0,23.0,24
35039,0,1405754,49,28689,1.3,20,31,2.0,32.3,6.0,23.0,12.0,8.0,7.0,11.0,31.0,14
44018,0,20253280,49,413332,2.9,16,19,67.3,36.8,20.0,6.0,14.0,9.0,5.0,1.0,44.0,8
44000,0,5089154,49,103860,2.0,34,31,18.4,29.0,16.0,7.0,6.0,20.0,6.0,11.0,32.0,12
43999,0,3788175,91,41628,1.3,19,59,6.6,32.2,14.0,16.0,33.0,28.0,8.0,11.0,72.0,14
44072,0,2438295,43,56705,1.0,14,25,2.3,40.0,15.0,6.0,1.0,21.0,3.0,16.0,24.0,14
35056,0,750500,13,57731,1.8,10,6,23.1,66.7,8.0,1.0,4.0,1.0,1.0,2.0,11.0,12
43983,0,382000,5,76400,1.4,5,4,40.0,25.0,2.0,1.0,1.0,2.0,2.0,3.0,2.0,15
43974,0,6722423,97,69303,2.0,33,58,12.4,43.1,24.0,26.0,20.0,27.0,26.0,34.0,37.0,14
35074,0,8074724,69,117025,2.8,31,48,7.2,22.9,17.0,25.0,12.0,15.0,7.0,20.0,42.0,14
35086,0,9728800,106,91781,2.2,57,59,20.8,33.9,20.0,20.0,32.0,34.0,59.0,3.0,44.0,11
43944,0,2144779,33,64993,2.0,17,18,6.1,27.8,1.0,15.0,18.0,1.0,4.0,11.0,18.0,14
35099,0,1366300,8,170788,2.8,7,6,12.5,50.0,1.0,3.0,3.0,2.0,1.0,1.0,8.0,14
43940,0,2716188,10,271619,2.0,9,9,10.0,11.1,2.0,3.0,3.0,2.0,1.0,3.0,7.0,0
35130,0,4553353,135,33729,1.1,24,90,1.5,17.8,34.0,34.0,40.0,27.0,13.0,101.0,21.0,14
44064,0,1409263,19,74172,1.1,10,10,0.0,20.0,2.0,1.0,1.0,17.0,1.0,6.0,13.0,3
44078,0,1050357,11,95487,2.3,9,8,0.0,37.5,3.0,3.0,2.0,3.0,1.0,1.0,11.0,12
34780,0,7154815,48,149059,2.6,18,21,12.5,42.9,11.0,14.0,10.0,13.0,16.0,1.0,32.0,14
34867,0,810818,19,42675,2.7,11,13,5.3,38.5,2.0,6.0,6.0,5.0,1.0,5.0,14.0,10
44338,0,1596181,15,106412,2.6,14,10,40.0,50.0,7.0,3.0,2.0,3.0,5.0,2.0,8.0,24
34784,0,2070750,36,57521,1.6,15,28,38.9,25.0,10.0,7.0,15.0,4.0,5.0,2.0,29.0,24
34797,0,5033787,41,122775,2.9,30,23,2.4,30.4,15.0,7.0,14.0,5.0,1.0,4.0,36.0,10
44331,0,29428500,72,408729,2.7,41,17,18.1,88.2,16.0,17.0,23.0,16.0,7.0,13.0,52.0,8
34801,0,1715823,13,131986,3.5,5,8,69.2,12.5,1.0,9.0,4.0,1.0,1.0,9.0,4.0,24
34802,0,647158,20,32358,2.1,9,6,10.0,33.3,2.0,1.0,2.0,16.0,7.0,5.0,8.0,12
44312,0,701500,12,58458,1.8,10,7,0.0,14.3,3.0,2.0,5.0,2.0,1.0,2.0,9.0,22
44294,0,524600,3,174867,3.0,3,3,33.3,33.3,2.0,1.0,1.0,1.0,1.0,1.0,2.0,9
44286,0,3808800,29,131338,1.8,21,11,31.0,54.5,7.0,10.0,6.0,6.0,6.0,3.0,20.0,24
44212,0,3116223,22,141646,2.3,10,11,13.6,27.3,7.0,5.0,2.0,8.0,1.0,2.0,20.0,14
34968,0,5331542,35,152330,2.3,14,18,37.1,16.7,8.0,19.0,1.0,8.0,19.0,1.0,16.0,8
34882,0,12660013,97,130516,2.3,36,34,2.1,32.4,23.0,15.0,56.0,3.0,4.0,9.0,84.0,14
34887,0,2595000,65,39923,1.0,19,21,3.1,33.3,23.0,6.0,33.0,3.0,22.0,6.0,37.0,14
34894,0,18972998,214,88659,1.9,76,61,11.7,41.0,54.0,34.0,56.0,70.0,34.0,42.0,138.0,14
44203,0,5277000,10,527700,2.2,10,4,10.0,25.0,9.0,1.0,1.0,1.0,2.0,4.0,4.0,24
44176,0,534800,5,106960,3.4,4,1,40.0,0.0,5.0,1.0,1.0,1.0,1.0,1.0,5.0,24
34937,0,2641071,21,125765,1.6,13,12,4.8,66.7,7.0,7.0,7.0,1.0,4.0,1.0,16.0,12
34957,0,388000,5,77600,1.8,5,4,60.0,25.0,1.0,4.0,1.0,1.0,1.0,1.0,4.0,24
44102,0,1552000,9,172444,2.8,5,4,66.7,0.0,3.0,3.0,2.0,1.0,1.0,1.0,9.0,24
34963,0,12212860,119,102629,1.8,44,51,5.9,51.0,34.0,40.0,21.0,24.0,27.0,13.0,79.0,14
34319,0,11189674,140,79926,1.6,58,67,7.9,3.0,41.0,35.0,43.0,21.0,34.0,1.0,105.0,14
34267,0,10673477,127,84043,2.0,51,56,11.8,39.3,23.0,19.0,37.0,48.0,2.0,8.0,117.0,14
35196,0,2707040,21,128907,2.9,17,7,9.5,71.4,5.0,1.0,9.0,7.0,1.0,13.0,8.0,21
44722,0,11960900,53,225677,1.4,40,26,28.3,34.6,7.0,12.0,15.0,19.0,9.0,6.0,38.0,9
33757,0,1837805,46,39952,2.2,13,23,6.5,21.7,16.0,6.0,7.0,17.0,24.0,8.0,14.0,14
33774,0,143000,2,71500,2.0,2,1,50.0,0.0,1.0,1.0,2.0,1.0,1.0,1.0,2.0,24
33776,0,83000,1,83000,3.0,1,1,100.0,100.0,1.0,1.0,1.0,1.0,1.0,1.0,1.0,24
45327,0,12945766,48,269703,2.8,33,19,6.2,42.1,4.0,12.0,22.0,10.0,19.0,5.0,24.0,9
45317,0,407000,12,33917,1.8,6,7,8.3,28.6,2.0,2.0,5.0,3.0,5.0,5.0,2.0,3
33797,0,2115245,43,49192,1.6,14,28,20.9,17.9,8.0,8.0,17.0,10.0,1.0,27.0,15.0,14
33801,0,371598,30,12387,1.0,9,16,13.3,12.5,11.0,4.0,8.0,7.0,1.0,4.0,26.0,14
33813,0,4030465,79,51019,1.0,21,35,11.4,40.0,25.0,12.0,25.0,17.0,15.0,25.0,39.0,14
45292,0,1561800,8,195225,2.8,7,4,25.0,75.0,3.0,4.0,1.0,1.0,1.0,4.0,4.0,19
33846,0,1565425,14,111816,1.7,5,10,7.1,50.0,2.0,1.0,5.0,7.0,7.0,2.0,5.0,14
33855,0,8695994,164,53024,1.8,44,68,5.5,41.2,36.0,39.0,44.0,45.0,28.0,24.0,112.0,14
33863,0,9285007,71,130775,1.4,32,40,4.2,30.0,14.0,25.0,13.0,19.0,6.0,24.0,41.0,14
33868,0,11018000,36,306056,4.1,21,11,19.4,9.1,7.0,25.0,3.0,1.0,1.0,13.0,23.0,21
33871,0,1847696,73,25311,1.5,17,40,5.5,22.5,20.0,13.0,17.0,23.0,24.0,3.0,46.0,14
33878,0,8395327,134,62652,1.7,38,84,2.2,13.1,38.0,30.0,47.0,19.0,1.0,48.0,86.0,14
33885,0,760800,14,54343,1.7,10,7,0.0,0.0,7.0,2.0,1.0,5.0,2.0,5.0,7.0,14
45218,0,3547879,93,38149,1.3,25,63,4.3,22.2,21.0,12.0,27.0,33.0,14.0,7.0,72.0,14
45141,0,655200,9,72800,2.1,7,5,11.1,40.0,2.0,6.0,1.0,1.0,1.0,3.0,6.0,19
33901,0,287278,4,71820,1.5,3,2,50.0,50.0,1.0,1.0,4.0,1.0,1.0,1.0,3.0,14
45140,0,32748679,145,225853,2.4,63,69,9.0,24.6,40.0,35.0,38.0,32.0,19.0,4.0,122.0,5
33921,0,3239200,20,161960,1.3,18,8,5.0,37.5,6.0,3.0,5.0,6.0,3.0,11.0,6.0,7
45360,0,2867948,30,95598,1.9,17,20,6.7,35.0,1.0,16.0,9.0,4.0,2.0,4.0,24.0,14
33745,0,1628000,10,162800,3.0,3,10,0.0,30.0,3.0,4.0,2.0,1.0,1.0,1.0,10.0,24
33733,0,2108960,11,191724,1.9,11,7,0.0,28.6,1.0,1.0,1.0,8.0,1.0,1.0,9.0,22
45484,0,4339943,23,188693,3.0,18,7,26.1,14.3,1.0,9.0,13.0,1.0,5.0,6.0,12.0,24
33553,0,3255700,46,70776,2.0,24,19,0.0,26.3,11.0,2.0,15.0,18.0,1.0,19.0,26.0,12
33557,0,560500,13,43115,2.1,10,4,0.0,50.0,4.0,1.0,9.0,1.0,6.0,2.0,5.0,10
33563,0,378500,8,47312,3.9,5,5,12.5,80.0,2.0,5.0,1.0,1.0,1.0,3.0,5.0,12
45586,0,4941302,29,170390,1.1,21,21,10.3,23.8,8.0,3.0,6.0,12.0,9.0,3.0,17.0,13
33584,0,2579000,12,214917,3.3,10,4,16.7,50.0,3.0,4.0,3.0,2.0,1.0,2.0,10.0,10
45512,0,4839422,36,134428,1.8,22,14,33.3,21.4,3.0,4.0,9.0,20.0,2.0,2.0,32.0,14
45508,0,313000,2,156500,2.0,2,2,50.0,0.0,1.0,1.0,1.0,2.0,1.0,1.0,2.0,1
33616,0,5630058,45,125112,2.2,25,25,20.0,44.0,10.0,15.0,13.0,7.0,7.0,2.0,36.0,14
33622,0,12366867,126,98150,1.4,44,61,23.8,31.1,1.0,69.0,57.0,1.0,47.0,1.0,79.0,14
33637,0,694720,13,53440,1.6,11,10,0.0,40.0,1.0,8.0,1.0,4.0,5.0,1.0,7.0,12
33714,0,1392400,16,87025,2.6,11,7,6.2,14.3,12.0,3.0,1.0,1.0,1.0,1.0,16.0,19
45438,0,807900,17,47524,2.4,13,14,0.0,42.9,6.0,2.0,4.0,5.0,1.0,4.0,13.0,11
45424,0,4187500,16,261719,1.1,16,4,25.0,50.0,6.0,3.0,6.0,1.0,1.0,1.0,16.0,13
45411,0,3021330,32,94417,1.6,9,24,18.8,58.3,4.0,8.0,13.0,7.0,3.0,2.0,27.0,14
33667,0,2104037,43,48931,1.7,18,21,16.3,52.4,2.0,5.0,25.0,11.0,8.0,7.0,28.0,12
33668,0,15662125,130,120478,2.1,49,41,10.0,24.4,16.0,9.0,26.0,79.0,14.0,16.0,100.0,24
33671,0,315000,2,157500,3.0,1,1,100.0,0.0,2.0,1.0,1.0,1.0,1.0,1.0,2.0,24
33698,0,3851446,44,87533,2.3,23,31,0.0,19.4,14.0,7.0,7.0,16.0,8.0,9.0,27.0,20
33705,0,5766532,83,69476,1.8,43,35,15.7,22.9,23.0,17.0,14.0,29.0,14.0,3.0,66.0,9
33707,0,6367457,78,81634,1.0,18,62,24.4,27.4,17.0,27.0,10.0,24.0,11.0,17.0,50.0,14
33934,0,1100424,29,37946,1.8,9,16,6.9,43.8,7.0,16.0,2.0,4.0,4.0,1.0,24.0,12
33937,0,988221,26,38008,1.8,19,15,3.8,13.3,1.0,5.0,8.0,12.0,2.0,1.0,24.0,14
45137,0,1877100,16,117319,2.9,11,10,12.5,30.0,1.0,3.0,5.0,7.0,1.0,1.0,15.0,21
44786,0,7564600,18,420256,2.4,13,8,11.1,62.5,4.0,1.0,4.0,10.0,3.0,2.0,13.0,10
44868,0,1197400,10,119740,2.4,10,10,20.0,10.0,1.0,5.0,3.0,1.0,2.0,3.0,5.0,7
44840,0,4269909,29,147238,1.7,14,15,3.4,66.7,2.0,12.0,8.0,7.0,3.0,3.0,23.0,5
34136,0,10692729,83,128828,1.5,23,41,32.5,41.5,34.0,14.0,15.0,20.0,1.0,51.0,32.0,14
34147,0,4568236,83,55039,1.8,40,35,8.4,17.1,29.0,16.0,12.0,26.0,16.0,28.0,39.0,14
44820,0,1500054,35,42859,1.6,16,19,2.9,42.1,3.0,5.0,5.0,22.0,11.0,4.0,20.0,14
44806,0,1536600,25,61464,2.9,21,16,16.0,31.2,3.0,11.0,5.0,6.0,1.0,6.0,19.0,9
44803,0,1824200,12,152017,2.7,7,8,0.0,75.0,3.0,2.0,5.0,2.0,1.0,3.0,8.0,24
44790,0,2197896,43,51114,2.0,20,18,7.0,50.0,6.0,9.0,7.0,21.0,4.0,5.0,34.0,14
34185,0,8770526,79,111019,1.7,37,23,13.9,34.8,24.0,4.0,25.0,26.0,31.0,1.0,48.0,9
44762,0,318111,22,14460,1.0,3,18,4.5,5.6,3.0,13.0,5.0,1.0,22.0,1.0,2.0,14
44878,0,1575600,18,87533,1.1,16,6,27.8,50.0,10.0,3.0,3.0,2.0,1.0,3.0,14.0,24
34198,0,9134954,45,202999,1.5,35,25,8.9,36.0,9.0,14.0,12.0,10.0,5.0,1.0,39.0,9
44761,0,793000,4,198250,2.5,4,2,50.0,0.0,1.0,1.0,4.0,1.0,1.0,1.0,4.0,8
44749,0,3836933,48,79936,2.1,29,22,8.3,40.9,22.0,12.0,14.0,1.0,8.0,17.0,23.0,9
34216,0,3913935,53,73848,2.2,29,20,28.3,30.0,10.0,15.0,14.0,14.0,1.0,12.0,41.0,24
44744,0,2868401,80,35855,1.5,42,46,0.0,15.2,24.0,10.0,24.0,22.0,6.0,2.0,72.0,12
44743,0,464000,6,77333,1.3,3,4,0.0,50.0,1.0,1.0,1.0,5.0,1.0,2.0,4.0,24
44736,0,6397850,23,278167,4.1,14,15,4.3,53.3,12.0,1.0,9.0,2.0,5.0,3.0,15.0,5
34230,0,700226,30,23341,1.7,11,19,26.7,42.1,12.0,7.0,4.0,7.0,8.0,1.0,21.0,14
34256,0,7752122,94,82469,1.5,36,49,13.8,20.4,20.0,19.0,31.0,24.0,14.0,13.0,67.0,14
44875,0,11250993,76,148039,2.1,49,25,15.8,28.0,9.0,10.0,5.0,52.0,1.0,8.0,68.0,9
44888,0,5376604,38,141490,1.8,17,17,34.2,23.5,6.0,2.0,19.0,11.0,13.0,2.0,23.0,14
45136,0,2749600,26,105754,1.8,21,9,3.8,66.7,6.0,1.0,9.0,10.0,4.0,8.0,14.0,12
45007,0,1271870,26,48918,1.9,14,15,7.7,33.3,6.0,3.0,7.0,10.0,3.0,6.0,17.0,16
33955,0,3366951,11,306086,2.7,9,9,9.1,11.1,1.0,2.0,2.0,6.0,3.0,1.0,8.0,12
45069,0,1084400,19,57074,1.6,13,14,10.5,71.4,4.0,5.0,7.0,3.0,2.0,6.0,11.0,24
33988,0,4432860,32,138527,2.2,26,16,3.1,18.8,7.0,9.0,9.0,7.0,1.0,5.0,27.0,9
33991,0,4109072,54,76094,1.9,17,25,1.9,36.0,26.0,3.0,14.0,11.0,5.0,5.0,44.0,14
45067,0,777330,18,43185,1.2,15,17,5.6,29.4,5.0,5.0,3.0,5.0,1.0,2.0,15.0,6
45024,0,836500,35,23900,2.1,14,16,22.9,37.5,3.0,1.0,19.0,13.0,4.0,6.0,25.0,9
34006,0,1286110,22,58460,2.0,16,12,4.5,50.0,1.0,9.0,2.0,10.0,1.0,9.0,12.0,12
34019,0,3279625,59,55587,1.9,30,32,20.3,21.9,5.0,10.0,20.0,24.0,14.0,1.0,44.0,14
45020,0,7576751,28,270598,1.9,18,13,28.6,46.2,8.0,6.0,1.0,13.0,2.0,6.0,20.0,24
34040,0,3922398,48,81717,1.9,30,16,8.3,62.5,30.0,8.0,10.0,1.0,15.0,1.0,33.0,14
34110,0,1838900,19,96784,1.7,14,12,47.4,25.0,6.0,1.0,2.0,10.0,3.0,4.0,12.0,8
45005,0,2363196,14,168800,2.3,8,7,28.6,57.1,4.0,1.0,6.0,3.0,1.0,4.0,9.0,14
34051,0,536100,16,33506,2.0,13,8,6.2,0.0,1.0,4.0,1.0,11.0,5.0,3.0,8.0,18
34056,0,2432574,25,97303,1.6,13,14,36.0,0.0,4.0,3.0,3.0,15.0,1.0,9.0,16.0,24
45002,0,2825000,21,134524,2.4,16,12,14.3,33.3,4.0,3.0,13.0,1.0,4.0,6.0,11.0,3
44989,0,8190305,46,178050,2.6,35,17,17.4,17.6,9.0,9.0,21.0,7.0,4.0,8.0,34.0,22
44985,0,5275420,46,114683,2.3,26,26,21.7,19.2,8.0,16.0,5.0,17.0,1.0,13.0,33.0,8
44966,0,4793000,32,149781,2.6,18,20,40.6,10.0,5.0,5.0,9.0,13.0,3.0,7.0,22.0,8
44936,0,141000,1,141000,1.0,1,1,100.0,0.0,1.0,1.0,1.0,1.0,1.0,1.0,1.0,24
34104,0,1558900,18,86606,2.9,8,8,50.0,25.0,3.0,10.0,4.0,1.0,4.0,3.0,11.0,8
35143,0,4773840,23,207558,2.5,17,7,82.6,28.6,7.0,1.0,1.0,15.0,5.0,1.0,17.0,8
35207,0,2451510,34,72103,2.6,24,16,5.9,31.2,2.0,5.0,17.0,10.0,1.0,12.0,22.0,12
36881,0,2482000,8,310250,2.8,4,7,25.0,0.0,4.0,1.0,2.0,2.0,5.0,1.0,3.0,9
36071,0,2270900,16,141931,1.1,7,9,0.0,44.4,7.0,3.0,6.0,1.0,1.0,11.0,5.0,12
36361,0,1671000,15,111400,2.1,12,8,20.0,37.5,1.0,9.0,4.0,2.0,1.0,1.0,14.0,9
36373,0,415840,6,69307,2.0,6,4,16.7,50.0,1.0,1.0,1.0,5.0,1.0,1.0,5.0,12
36385,0,17472378,81,215708,2.3,50,36,13.6,38.9,16.0,10.0,26.0,29.0,26.0,1.0,54.0,13
43062,0,1268910,70,18127,1.2,32,41,10.0,24.4,13.0,21.0,17.0,19.0,8.0,17.0,45.0,13
36396,0,5425100,61,88936,2.9,27,27,11.5,37.0,17.0,10.0,12.0,22.0,23.0,2.0,36.0,10
43041,0,1993365,25,79735,2.0,12,13,8.0,76.9,3.0,13.0,5.0,4.0,1.0,5.0,19.0,14
36427,0,5036936,41,122852,2.2,27,21,17.1,52.4,11.0,14.0,12.0,4.0,1.0,2.0,38.0,24
36432,0,62152,2,31076,1.0,2,2,0.0,0.0,1.0,1.0,1.0,1.0,1.0,1.0,2.0,14
36437,0,13216628,189,69929,2.9,32,59,18.0,32.2,65.0,42.0,52.0,30.0,8.0,149.0,32.0,14
36454,0,490128,18,27229,1.7,11,9,5.6,22.2,2.0,1.0,8.0,7.0,6.0,1.0,12.0,12
36462,0,959050,13,73773,2.7,7,5,7.7,40.0,2.0,1.0,1.0,11.0,2.0,1.0,11.0,3
43018,0,4384790,73,60066,1.6,31,41,15.1,12.2,15.0,9.0,17.0,32.0,2.0,12.0,59.0,14
42985,0,6181688,99,62441,1.7,33,36,6.1,63.9,15.0,37.0,16.0,31.0,53.0,1.0,45.0,14
36481,0,323000,4,80750,3.0,2,2,75.0,0.0,1.0,1.0,1.0,3.0,1.0,1.0,4.0,24
36489,0,1833337,16,114584,2.5,10,12,6.2,50.0,6.0,3.0,7.0,1.0,4.0,1.0,11.0,19
36532,0,14484720,54,268236,1.7,39,16,11.1,62.5,16.0,15.0,22.0,1.0,25.0,1.0,29.0,9
36534,0,1589863,17,93521,2.1,15,10,29.4,50.0,1.0,7.0,5.0,5.0,4.0,5.0,8.0,24
42947,0,37931226,219,173202,1.8,76,119,33.3,23.5,44.0,65.0,46.0,64.0,68.0,19.0,132.0,14
42942,0,3359720,12,279977,1.8,11,6,16.7,50.0,3.0,1.0,8.0,1.0,2.0,1.0,10.0,16
36539,0,1414400,15,94293,3.0,9,3,53.3,33.3,1.0,1.0,1.0,15.0,1.0,7.0,8.0,8
36540,0,2179900,12,181658,2.2,8,7,16.7,42.9,3.0,2.0,5.0,2.0,7.0,1.0,5.0,9
43075,0,5757400,40,143935,1.1,23,25,2.5,32.0,15.0,2.0,17.0,6.0,1.0,3.0,37.0,9
36292,0,1193654,26,45910,1.9,14,18,19.2,16.7,5.0,16.0,5.0,1.0,10.0,1.0,15.0,14
36274,0,3894700,43,90574,2.0,25,22,23.3,22.7,5.0,12.0,13.0,13.0,12.0,2.0,29.0,3
43201,0,4405386,53,83120,2.6,9,23,30.2,30.4,12.0,13.0,12.0,16.0,8.0,9.0,36.0,3
36130,0,3952397,68,58123,1.9,22,38,29.4,34.2,18.0,16.0,21.0,13.0,4.0,14.0,50.0,24
36136,0,558200,8,69775,1.8,7,4,50.0,0.0,1.0,2.0,2.0,3.0,1.0,2.0,6.0,24
43264,0,1223300,37,33062,1.2,24,26,24.3,42.3,5.0,7.0,15.0,10.0,3.0,21.0,13.0,24
36144,0,1562400,9,173600,2.6,9,4,11.1,75.0,2.0,1.0,1.0,6.0,1.0,1.0,8.0,9
36148,0,982800,16,61425,2.0,12,12,37.5,8.3,7.0,1.0,6.0,3.0,8.0,3.0,5.0,24
43255,0,6500,9,722,4.3,5,4,66.7,0.0,1.0,1.0,1.0,8.0,2.0,4.0,3.0,8
43239,0,5149400,34,151453,1.8,24,21,2.9,28.6,3.0,10.0,11.0,10.0,6.0,4.0,24.0,19
43227,0,4508497,54,83491,2.1,28,30,1.9,33.3,8.0,12.0,20.0,14.0,14.0,7.0,33.0,13
36189,0,2161400,14,154386,1.3,11,9,42.9,0.0,4.0,10.0,1.0,1.0,2.0,1.0,12.0,9
36213,0,7810200,23,339574,2.2,13,12,30.4,41.7,5.0,5.0,13.0,1.0,1.0,9.0,13.0,5
43082,0,2218200,28,79221,1.8,19,17,21.4,41.2,3.0,6.0,7.0,12.0,4.0,10.0,14.0,24
36214,0,157000,5,31400,1.4,3,3,0.0,0.0,4.0,1.0,1.0,1.0,1.0,1.0,4.0,11
43168,0,799720,12,66643,2.3,11,10,16.7,20.0,5.0,5.0,1.0,2.0,2.0,2.0,8.0,22
43155,0,3772172,124,30421,1.5,25,73,3.2,30.1,29.0,41.0,33.0,21.0,1.0,56.0,68.0,14
43110,0,779029,11,70821,1.9,8,7,9.1,85.7,4.0,2.0,1.0,4.0,1.0,7.0,4.0,14
36233,0,2347356,23,102059,1.3,18,10,0.0,30.0,9.0,4.0,8.0,2.0,1.0,7.0,15.0,14
36237,0,3047800,31,98316,2.6,22,23,35.5,69.6,5.0,12.0,9.0,5.0,4.0,15.0,12.0,8
43101,0,210000,4,52500,2.0,4,2,50.0,0.0,1.0,3.0,1.0,1.0,1.0,3.0,1.0,24
43094,0,344800,5,68960,2.0,4,3,60.0,33.3,1.0,2.0,1.0,3.0,1.0,1.0,5.0,24
36254,0,11092900,35,316940,2.0,26,21,54.3,23.8,3.0,9.0,9.0,14.0,2.0,10.0,23.0,8
42941,0,1218443,20,60922,2.2,8,10,10.0,70.0,11.0,1.0,3.0,6.0,1.0,11.0,8.0,14
42939,0,11805150,49,240921,1.7,19,34,28.6,44.1,10.0,1.0,13.0,25.0,5.0,2.0,42.0,14
36544,0,6914989,69,100217,2.8,46,40,5.8,37.5,18.0,12.0,33.0,6.0,23.0,6.0,40.0,14
36798,0,5399413,88,61357,2.1,32,29,5.7,41.4,24.0,6.0,25.0,33.0,4.0,37.0,47.0,14
36744,0,152000,2,76000,1.0,1,2,100.0,0.0,1.0,1.0,2.0,1.0,2.0,1.0,2.0,24
42888,0,-1237971,17,-72822,1.7,10,11,11.8,18.2,6.0,7.0,1.0,4.0,3.0,4.0,10.0,14
36747,0,3892521,50,77850,1.6,20,36,6.0,25.0,14.0,13.0,10.0,13.0,17.0,4.0,29.0,14
42886,0,283000,2,141500,2.0,2,2,50.0,50.0,1.0,1.0,1.0,1.0,1.0,1.0,1.0,21
42872,0,2476306,21,117919,1.5,11,11,28.6,27.3,12.0,1.0,3.0,5.0,5.0,5.0,11.0,14
42862,0,7704900,50,154098,1.4,27,34,20.0,50.0,5.0,26.0,10.0,9.0,16.0,9.0,25.0,13
36769,0,4154000,37,112270,1.1,21,21,10.8,23.8,12.0,9.0,16.0,1.0,11.0,3.0,23.0,24
36790,0,9469716,56,169102,2.2,24,18,3.6,44.4,15.0,5.0,22.0,14.0,7.0,23.0,26.0,9
36795,0,816235,14,58302,1.9,4,6,7.1,16.7,1.0,1.0,4.0,9.0,5.0,1.0,8.0,14
36807,0,2083700,21,99224,1.9,13,10,28.6,10.0,1.0,1.0,4.0,16.0,1.0,2.0,18.0,9
36737,0,1981727,55,36031,1.6,14,39,5.5,38.5,22.0,11.0,6.0,16.0,1.0,23.0,32.0,14
42816,0,10969468,132,83102,1.7,67,52,3.8,42.3,42.0,18.0,38.0,34.0,68.0,7.0,57.0,14
36842,0,1124654,15,74977,1.7,12,10,33.3,40.0,4.0,1.0,1.0,11.0,2.0,4.0,9.0,7
42794,0,24971321,104,240109,2.3,45,44,47.1,40.9,20.0,27.0,25.0,32.0,37.0,4.0,63.0,8
42786,0,2397020,17,141001,1.4,9,12,17.6,66.7,6.0,7.0,4.0,1.0,1.0,1.0,16.0,14
36847,0,216000,3,72000,1.0,2,1,0.0,0.0,1.0,1.0,3.0,1.0,1.0,1.0,3.0,7
36868,0,281000,3,93667,1.7,3,1,33.3,0.0,1.0,1.0,3.0,1.0,1.0,1.0,3.0,24
36875,0,3103600,19,163347,2.6,9,13,21.1,23.1,1.0,9.0,6.0,4.0,1.0,1.0,19.0,10
42771,0,12764698,112,113971,1.4,30,66,8.9,45.5,36.0,22.0,30.0,24.0,65.0,11.0,36.0,14
36880,0,2702253,25,108090,2.4,13,8,40.0,0.0,7.0,1.0,7.0,11.0,5.0,2.0,18.0,24
36742,0,5215265,86,60643,1.8,40,47,12.8,34.0,21.0,19.0,31.0,15.0,21.0,12.0,53.0,14
36735,0,597720,7,85389,2.4,5,5,28.6,40.0,5.0,1.0,1.0,1.0,4.0,1.0,3.0,16
36554,0,129392,3,43131,1.0,2,2,33.3,0.0,1.0,2.0,1.0,1.0,1.0,1.0,2.0,14
36629,0,1950650,31,62924,1.1,16,17,6.5,29.4,7.0,3.0,5.0,16.0,3.0,2.0,26.0,14
36566,0,1316520,16,82282,1.4,10,9,31.2,33.3,1.0,5.0,1.0,9.0,4.0,4.0,8.0,14
36583,0,669986,11,60908,1.5,5,4,27.3,0.0,2.0,6.0,3.0,1.0,2.0,2.0,7.0,14
42938,0,62250,3,20750,1.0,3,2,33.3,100.0,1.0,2.0,1.0,1.0,1.0,1.0,3.0,12
36597,0,7401116,94,78735,2.3,52,42,7.4,26.2,18.0,14.0,44.0,18.0,16.0,17.0,61.0,10
42925,0,2085817,19,109780,1.7,15,12,0.0,25.0,1.0,5.0,7.0,6.0,2.0,6.0,11.0,9
36605,0,255000,4,63750,2.5,3,4,0.0,0.0,1.0,3.0,1.0,1.0,1.0,1.0,4.0,9
42911,0,3196600,5,639320,4.0,4,4,0.0,0.0,1.0,1.0,2.0,2.0,1.0,2.0,2.0,24
42908,0,1836240,44,41733,2.4,24,20,11.4,45.0,6.0,9.0,2.0,27.0,2.0,13.0,29.0,24
36609,0,4865083,45,108113,2.0,24,16,4.4,31.2,5.0,23.0,9.0,8.0,8.0,6.0,31.0,14
36639,0,1975100,11,179555,4.1,9,5,18.2,20.0,1.0,10.0,1.0,1.0,1.0,3.0,8.0,16
36722,0,2529613,24,105401,2.4,16,12,16.7,50.0,6.0,7.0,7.0,4.0,2.0,7.0,15.0,14
36644,0,4597648,39,117888,2.2,32,18,7.7,38.9,9.0,6.0,12.0,12.0,4.0,9.0,26.0,11
36647,0,4364477,100,43645,1.6,41,42,4.0,42.9,34.0,18.0,27.0,21.0,14.0,15.0,71.0,14
36659,0,4922000,19,259053,2.6,12,7,26.3,14.3,1.0,1.0,6.0,13.0,1.0,1.0,19.0,19
42904,0,4713478,26,181288,3.2,15,17,23.1,41.2,2.0,7.0,10.0,7.0,3.0,5.0,18.0,24
36703,0,7138040,47,151873,2.6,23,29,29.8,44.8,21.0,3.0,8.0,15.0,3.0,12.0,32.0,24
42900,0,932228,17,54837,1.7,9,9,5.9,33.3,8.0,4.0,2.0,3.0,8.0,1.0,9.0,14
36704,0,588000,3,196000,2.3,3,3,33.3,33.3,1.0,1.0,2.0,1.0,1.0,1.0,1.0,21
36708,0,1995312,35,57009,1.7,16,13,20.0,84.6,6.0,11.0,8.0,10.0,3.0,1.0,32.0,14
36719,0,4927023,141,34943,1.2,16,83,3.5,27.7,31.0,40.0,30.0,40.0,9.0,17.0,115.0,14
36119,0,5233634,35,149532,1.7,21,18,14.3,50.0,2.0,12.0,21.0,1.0,3.0,5.0,27.0,9
43332,0,16105200,120,134210,5.9,43,64,32.5,53.1,27.0,19.0,28.0,46.0,48.0,1.0,71.0,8
43871,0,6687700,34,196697,2.4,19,24,5.9,25.0,11.0,13.0,7.0,3.0,6.0,6.0,22.0,21
36061,0,1539132,17,90537,2.1,10,9,11.8,55.6,4.0,2.0,3.0,8.0,1.0,4.0,13.0,14
35361,0,6253670,90,69485,2.0,42,34,12.2,8.8,26.0,8.0,37.0,19.0,14.0,10.0,66.0,14
43781,0,23406436,116,201780,2.1,31,51,0.9,66.7,32.0,38.0,18.0,28.0,2.0,32.0,82.0,14
35388,0,4656124,124,37549,1.9,34,55,4.8,29.1,25.0,31.0,32.0,36.0,4.0,43.0,77.0,12
43766,0,505250,6,84208,2.0,5,4,16.7,0.0,1.0,2.0,1.0,3.0,2.0,1.0,4.0,0
43749,0,3777660,13,290589,2.5,10,6,30.8,66.7,4.0,5.0,3.0,1.0,3.0,1.0,10.0,24
35432,0,77000,1,77000,3.0,1,1,0.0,100.0,1.0,1.0,1.0,1.0,1.0,1.0,2.0,24
35437,0,455800,20,22790,2.3,11,13,10.0,53.8,5.0,11.0,2.0,2.0,2.0,3.0,15.0,16
35441,0,3511153,52,67522,2.6,25,18,0.0,61.1,19.0,10.0,16.0,7.0,3.0,23.0,26.0,14
35443,0,4261475,32,133171,1.3,15,21,0.0,47.6,6.0,5.0,10.0,11.0,2.0,8.0,22.0,14
43714,0,1482800,11,134800,4.1,7,8,27.3,12.5,5.0,1.0,2.0,4.0,4.0,1.0,7.0,5
35445,0,721900,11,65627,1.5,10,9,0.0,33.3,1.0,5.0,2.0,3.0,1.0,6.0,4.0,12
43679,0,3825200,25,153008,2.6,15,14,8.0,14.3,6.0,13.0,6.0,1.0,3.0,3.0,19.0,9
35455,0,124000,3,41333,1.0,2,3,66.7,66.7,2.0,1.0,1.0,1.0,1.0,1.0,2.0,24
35457,0,1035000,4,258750,1.0,4,2,25.0,100.0,3.0,1.0,1.0,1.0,1.0,1.0,3.0,21
43652,0,593900,6,98983,2.0,6,5,16.7,20.0,1.0,2.0,1.0,3.0,1.0,2.0,4.0,3
43639,0,156600,2,78300,2.0,2,1,50.0,0.0,1.0,2.0,1.0,1.0,1.0,1.0,2.0,11
35481,0,27559492,287,96026,1.2,85,98,12.2,26.5,66.0,77.0,79.0,65.0,22.0,89.0,176.0,14
43626,0,1094600,19,57611,1.9,17,9,5.3,77.8,2.0,2.0,1.0,14.0,1.0,10.0,8.0,16
35510,0,3000407,33,90921,2.3,18,16,3.0,31.2,1.0,8.0,18.0,7.0,1.0,16.0,16.0,14
43619,0,2328011,22,105819,1.9,11,15,40.9,40.0,6.0,6.0,5.0,5.0,1.0,6.0,15.0,24
35518,0,14520271,52,279236,3.1,36,22,17.3,9.1,12.0,5.0,16.0,19.0,7.0,4.0,41.0,9
35351,0,273340,5,54668,1.8,5,2,20.0,50.0,1.0,1.0,1.0,5.0,1.0,1.0,5.0,16
35349,0,2505367,96,26098,1.3,38,26,1.0,34.6,22.0,29.0,13.0,32.0,12.0,4.0,80.0,14
35341,0,3909271,24,162886,2.2,15,10,12.5,20.0,8.0,10.0,1.0,6.0,6.0,1.0,18.0,10
35284,0,2651200,23,115270,3.0,16,17,8.7,0.0,2.0,5.0,9.0,7.0,11.0,2.0,10.0,9
43858,0,1041180,19,54799,1.9,14,14,0.0,35.7,4.0,4.0,3.0,8.0,4.0,1.0,14.0,12
43851,0,16445620,37,444476,3.0,18,17,10.8,41.2,10.0,15.0,7.0,5.0,7.0,7.0,23.0,5
43847,0,9416000,30,313867,1.9,20,21,36.7,38.1,4.0,7.0,3.0,16.0,1.0,8.0,21.0,8
35241,0,263000,4,65750,2.5,2,2,25.0,0.0,1.0,1.0,1.0,4.0,1.0,1.0,3.0,11
35242,0,1142667,7,163238,1.9,4,5,0.0,40.0,4.0,2.0,1.0,1.0,1.0,1.0,7.0,14
43840,0,2551265,78,32709,1.4,28,47,5.1,27.7,24.0,7.0,24.0,23.0,12.0,18.0,48.0,14
35258,0,2612000,60,43533,1.9,32,27,5.0,22.2,5.0,11.0,21.0,23.0,13.0,8.0,39.0,11
43834,0,1250000,9,138889,1.0,6,7,33.3,28.6,1.0,3.0,1.0,6.0,1.0,1.0,7.0,24
43831,0,2751900,26,105842,1.7,17,19,19.2,36.8,7.0,12.0,5.0,2.0,2.0,2.0,22.0,10
35286,0,5229472,54,96842,1.7,34,21,7.4,23.8,5.0,23.0,10.0,16.0,12.0,14.0,28.0,14
35332,0,1620418,13,124648,1.6,7,8,0.0,87.5,3.0,6.0,1.0,4.0,1.0,5.0,8.0,14
35293,0,1911000,6,318500,4.0,6,4,33.3,75.0,1.0,1.0,3.0,3.0,1.0,1.0,4.0,15
35295,0,8033677,74,108563,1.7,33,33,9.5,12.1,11.0,15.0,11.0,37.0,7.0,32.0,35.0,14
35297,0,1388900,10,138890,1.6,7,6,10.0,33.3,1.0,2.0,7.0,1.0,1.0,4.0,6.0,19
43827,0,11691144,44,265708,2.0,23,28,2.3,25.0,17.0,5.0,15.0,7.0,32.0,1.0,12.0,9
43817,0,2618900,27,96996,2.3,20,11,14.8,54.5,1.0,3.0,8.0,16.0,1.0,9.0,17.0,9
35300,0,969900,6,161650,3.3,6,4,16.7,0.0,6.0,1.0,1.0,1.0,1.0,5.0,1.0,22
43812,0,16565608,132,125497,2.3,50,68,10.6,52.9,37.0,24.0,38.0,33.0,18.0,39.0,75.0,14
35322,0,603500,6,100583,2.0,4,2,0.0,50.0,1.0,1.0,2.0,4.0,2.0,4.0,2.0,14
35328,0,1218725,36,33853,2.4,16,14,0.0,0.0,12.0,6.0,13.0,5.0,3.0,1.0,32.0,14
35537,0,2368900,26,91112,2.4,15,13,3.8,38.5,5.0,8.0,1.0,12.0,4.0,9.0,13.0,11
35548,0,10951727,55,199122,2.3,28,13,25.5,76.9,8.0,22.0,17.0,8.0,19.0,4.0,32.0,24
43607,0,1205900,19,63468,2.4,13,15,21.1,66.7,1.0,4.0,10.0,4.0,1.0,5.0,14.0,24
43385,0,5772714,55,104958,2.2,30,30,41.8,33.3,25.0,12.0,6.0,12.0,11.0,6.0,38.0,14
35911,0,374000,4,93500,2.0,4,2,50.0,0.0,1.0,2.0,2.0,1.0,1.0,1.0,4.0,13
43483,0,2466601,36,68517,1.1,28,16,5.6,37.5,12.0,8.0,6.0,10.0,5.0,2.0,29.0,13
35929,0,671461,7,95923,1.9,6,3,0.0,0.0,1.0,1.0,4.0,3.0,7.0,1.0,2.0,13
35942,0,1706586,45,37924,1.5,14,26,2.2,19.2,5.0,1.0,21.0,18.0,22.0,2.0,21.0,14
43419,0,1513536,20,75677,2.4,14,10,10.0,20.0,12.0,1.0,2.0,5.0,2.0,10.0,8.0,13
35944,0,9200986,153,60137,1.5,51,46,7.2,37.0,37.0,38.0,39.0,39.0,20.0,45.0,88.0,14
43415,0,101000,1,101000,3.0,1,1,0.0,0.0,1.0,1.0,1.0,1.0,1.0,1.0,2.0,24
43393,0,792000,6,132000,2.0,4,3,33.3,0.0,1.0,5.0,1.0,1.0,1.0,1.0,6.0,7
35957,0,1805100,9,200567,2.6,8,4,11.1,25.0,1.0,2.0,4.0,3.0,1.0,1.0,9.0,15
35972,0,2689150,20,134458,2.6,16,11,5.0,54.5,6.0,9.0,1.0,5.0,5.0,5.0,10.0,11
35894,0,2032260,19,106961,1.9,12,10,15.8,50.0,1.0,1.0,11.0,6.0,7.0,1.0,11.0,14
43384,0,1472034,19,77475,2.4,12,12,5.3,33.3,4.0,8.0,1.0,6.0,3.0,1.0,16.0,12
36018,0,14922935,80,186537,2.0,35,28,25.0,21.4,1.0,39.0,15.0,25.0,8.0,2.0,70.0,14
43371,0,499257,8,62407,1.5,5,3,25.0,66.7,1.0,1.0,5.0,3.0,1.0,8.0,2.0,14
36024,0,2921799,32,91306,2.5,18,13,21.9,38.5,5.0,8.0,19.0,1.0,5.0,7.0,20.0,14
43345,0,426976,9,47442,2.1,6,6,0.0,16.7,1.0,4.0,1.0,4.0,1.0,1.0,9.0,19
43341,0,1530800,17,90047,2.2,13,15,5.9,13.3,3.0,6.0,5.0,3.0,2.0,12.0,3.0,24
36030,0,7529533,132,57042,1.9,45,54,3.0,40.7,22.0,27.0,36.0,47.0,6.0,48.0,78.0,14
36044,0,4386899,114,38482,1.8,36,57,3.5,26.3,19.0,18.0,27.0,50.0,20.0,26.0,68.0,14
36047,0,4948307,48,103090,2.5,22,18,25.0,61.1,30.0,4.0,1.0,14.0,45.0,1.0,3.0,11
35907,0,1661523,21,79120,2.0,12,12,42.9,16.7,5.0,1.0,11.0,5.0,8.0,3.0,10.0,24
35889,0,6595164,130,50732,1.4,27,68,7.7,26.5,28.0,46.0,30.0,26.0,22.0,37.0,71.0,14
35554,0,205820,8,25728,1.2,7,7,12.5,14.3,3.0,2.0,1.0,3.0,2.0,1.0,6.0,24
43548,0,976000,15,65067,2.7,10,8,6.7,25.0,10.0,5.0,1.0,1.0,9.0,1.0,6.0,3
35583,0,384302,12,32025,2.2,8,6,8.3,0.0,1.0,2.0,3.0,7.0,1.0,4.0,8.0,11
43603,0,2970723,33,90022,2.3,22,14,21.2,28.6,10.0,4.0,14.0,5.0,4.0,1.0,29.0,24
35669,0,5098600,43,118572,2.4,32,20,20.9,20.0,4.0,11.0,14.0,14.0,1.0,17.0,26.0,24
35677,0,9797377,92,106493,1.9,32,45,2.2,20.0,17.0,41.0,10.0,24.0,17.0,10.0,65.0,14
43602,0,1524200,12,127017,2.5,6,8,16.7,12.5,2.0,3.0,3.0,4.0,1.0,1.0,11.0,7
35720,0,3252577,30,108419,1.8,10,14,43.3,21.4,8.0,5.0,15.0,2.0,3.0,5.0,22.0,14
35739,0,116000,3,38667,1.0,3,3,33.3,100.0,1.0,1.0,2.0,1.0,1.0,1.0,3.0,13
35742,0,751722,10,75172,1.6,3,8,10.0,37.5,3.0,2.0,4.0,1.0,2.0,5.0,3.0,14
35752,0,999524,28,35697,1.6,19,18,14.3,22.2,6.0,8.0,3.0,11.0,1.0,1.0,27.0,14
35790,0,2722881,33,82512,1.8,11,15,0.0,20.0,16.0,6.0,6.0,5.0,29.0,2.0,2.0,14
43490,0,1612000,18,89556,2.3,13,12,5.6,50.0,2.0,1.0,5.0,10.0,3.0,2.0,13.0,11
35792,0,13817768,228,60604,2.1,50,95,7.5,40.0,72.0,36.0,71.0,49.0,19.0,34.0,175.0,14
35799,0,4928714,48,102682,2.4,28,24,8.3,20.8,8.0,14.0,14.0,12.0,3.0,4.0,41.0,16
43530,0,5451279,90,60570,1.9,46,39,2.2,53.8,21.0,32.0,9.0,28.0,9.0,16.0,65.0,14
43507,0,1868707,28,66740,2.1,15,10,17.9,70.0,1.0,7.0,8.0,13.0,2.0,8.0,18.0,14
35830,0,2062571,27,76392,2.8,9,6,14.8,0.0,4.0,3.0,15.0,5.0,1.0,7.0,19.0,9
35846,0,10401382,87,119556,2.1,36,38,2.3,2.6,32.0,22.0,20.0,13.0,18.0,6.0,63.0,14
35866,0,829000,14,59214,2.1,5,10,85.7,10.0,1.0,1.0,4.0,9.0,12.0,1.0,2.0,24
35867,0,372000,8,46500,1.8,7,7,12.5,14.3,4.0,4.0,1.0,1.0,2.0,1.0,5.0,19
35872,0,1510140,13,116165,2.1,13,8,15.4,37.5,1.0,2.0,6.0,4.0,1.0,1.0,13.0,9
28784,0,3368800,22,153127,2.1,15,14,18.2,64.3,2.0,5.0,9.0,6.0,7.0,8.0,7.0,21
18,0,680100,15,45340,1.7,9,10,26.7,100.0,1.0,9.0,6.0,1.0,1.0,6.0,9.0,24
28774,0,5223100,24,217629,2.2,12,8,20.8,25.0,1.0,15.0,3.0,6.0,1.0,5.0,19.0,24
8072,0,7673480,43,178453,2.2,32,22,30.2,45.5,21.0,1.0,13.0,8.0,9.0,7.0,27.0,22
7875,0,2109980,30,70333,1.5,17,20,20.0,35.0,2.0,10.0,15.0,3.0,10.0,9.0,11.0,12
7881,0,4123100,15,274873,8.2,14,10,20.0,40.0,1.0,5.0,8.0,1.0,1.0,12.0,2.0,19
7896,0,870527,20,43526,1.5,15,9,5.0,33.3,1.0,1.0,9.0,11.0,5.0,1.0,15.0,9
7941,0,1620641,11,147331,3.5,9,5,9.1,20.0,1.0,1.0,11.0,1.0,1.0,1.0,10.0,11
7942,0,1062520,22,48296,1.5,14,12,13.6,41.7,5.0,10.0,7.0,1.0,1.0,1.0,20.0,24
7944,0,11682259,54,216338,2.1,38,24,7.4,66.7,16.0,19.0,9.0,10.0,19.0,7.0,28.0,24
7950,0,372400,3,124133,2.3,3,2,0.0,100.0,1.0,1.0,1.0,3.0,1.0,2.0,1.0,19
7995,0,201000,2,100500,2.0,2,2,0.0,50.0,1.0,1.0,1.0,1.0,1.0,1.0,1.0,9
8006,0,1229300,19,64700,1.8,16,11,5.3,36.4,10.0,1.0,5.0,4.0,1.0,8.0,11.0,9
8008,0,2139500,35,61129,1.1,20,23,20.0,47.8,7.0,12.0,14.0,2.0,1.0,20.0,15.0,13
8009,0,974585,13,74968,1.9,11,8,0.0,62.5,1.0,4.0,1.0,7.0,1.0,6.0,6.0,22
8033,0,71000,1,71000,1.0,1,1,100.0,100.0,1.0,1.0,1.0,1.0,1.0,1.0,2.0,24
8034,0,521000,2,260500,2.5,2,2,50.0,0.0,1.0,1.0,1.0,1.0,1.0,2.0,2.0,8
8040,0,6110500,61,100172,2.0,30,31,29.5,38.7,9.0,6.0,29.0,17.0,1.0,24.0,37.0,24
8081,0,5145182,54,95281,2.1,33,24,7.4,62.5,18.0,7.0,15.0,14.0,8.0,14.0,32.0,19
7869,0,2117359,33,64162,1.9,22,18,3.0,50.0,6.0,6.0,9.0,12.0,1.0,12.0,20.0,3
8082,0,6099140,38,160504,1.1,30,20,18.4,35.0,6.0,5.0,19.0,8.0,2.0,8.0,28.0,24
8089,0,261000,3,87000,1.7,3,3,66.7,100.0,1.0,1.0,1.0,2.0,1.0,1.0,2.0,24
8094,0,3350200,30,111673,2.2,22,17,26.7,29.4,8.0,6.0,5.0,11.0,1.0,5.0,24.0,24
8099,0,2908049,32,90877,2.4,19,18,12.5,27.8,18.0,1.0,4.0,10.0,8.0,2.0,22.0,15
8114,0,1018000,9,113111,3.4,6,5,33.3,40.0,1.0,8.0,1.0,1.0,1.0,4.0,4.0,24
8115,0,937489,10,93749,1.0,7,9,20.0,22.2,7.0,1.0,2.0,1.0,2.0,5.0,3.0,24
8123,0,1675400,12,139617,1.8,6,7,83.3,57.1,1.0,6.0,5.0,1.0,1.0,2.0,10.0,24
8128,0,2675200,27,99081,2.1,19,10,29.6,30.0,4.0,14.0,9.0,1.0,1.0,2.0,25.0,24
8144,0,1965600,28,70200,1.0,25,18,17.9,11.1,4.0,13.0,8.0,3.0,7.0,3.0,18.0,12
8148,0,87400,3,29133,1.0,3,2,33.3,0.0,1.0,1.0,2.0,1.0,1.0,1.0,2.0,13
8162,0,387756,10,38776,1.2,5,8,20.0,37.5,4.0,1.0,3.0,3.0,3.0,4.0,3.0,14
8170,0,2156700,15,143780,1.5,14,7,13.3,42.9,13.0,2.0,1.0,1.0,3.0,12.0,2.0,19
8180,0,1493000,9,165889,1.8,9,8,22.2,62.5,5.0,1.0,1.0,2.0,1.0,3.0,6.0,12
8197,0,8692100,37,234922,1.1,29,18,16.2,50.0,10.0,5.0,14.0,8.0,4.0,10.0,23.0,0
7872,0,87000,1,87000,3.0,1,1,100.0,0.0,1.0,1.0,1.0,1.0,1.0,1.0,1.0,24
7846,0,75000,1,75000,1.0,1,1,0.0,100.0,1.0,1.0,1.0,1.0,1.0,1.0,1.0,24
8206,0,1555403,18,86411,1.1,13,9,16.7,44.4,2.0,1.0,15.0,1.0,2.0,7.0,9.0,13
7612,0,162600,2,81300,2.0,2,2,0.0,100.0,1.0,2.0,1.0,1.0,1.0,2.0,2.0,16
7462,0,2395247,37,64736,1.6,22,25,13.5,48.0,7.0,9.0,10.0,11.0,1.0,13.0,23.0,24
7481,0,1844838,33,55904,2.0,19,14,0.0,64.3,5.0,10.0,12.0,6.0,9.0,6.0,18.0,14
7496,0,2344492,35,66985,1.8,20,23,5.7,34.8,14.0,2.0,14.0,5.0,17.0,3.0,15.0,13
7501,0,1141150,19,60061,1.6,13,14,5.3,28.6,4.0,6.0,9.0,1.0,2.0,4.0,13.0,12
7506,0,393220,5,78644,1.0,4,5,20.0,0.0,1.0,1.0,3.0,1.0,4.0,1.0,1.0,14
7517,0,1576980,16,98561,1.8,15,10,12.5,70.0,3.0,1.0,6.0,7.0,1.0,4.0,11.0,12
7519,0,439000,9,48778,1.0,6,4,44.4,75.0,3.0,1.0,1.0,5.0,1.0,2.0,7.0,24
7527,0,1623155,58,27985,1.4,26,41,10.3,14.6,16.0,24.0,9.0,9.0,18.0,21.0,19.0,14
7528,0,847650,16,52978,1.9,13,11,6.2,27.3,3.0,7.0,4.0,2.0,3.0,4.0,9.0,11
7539,0,1002217,26,38547,1.5,8,18,3.8,22.2,24.0,1.0,1.0,1.0,10.0,1.0,16.0,14
7549,0,2616900,18,145383,1.6,15,13,22.2,15.4,1.0,11.0,1.0,5.0,4.0,2.0,12.0,24
7574,0,884500,12,73708,1.8,11,10,41.7,60.0,1.0,4.0,5.0,3.0,1.0,7.0,4.0,24
7587,0,1136434,17,66849,1.7,15,15,11.8,6.7,5.0,4.0,3.0,5.0,1.0,3.0,13.0,12
7596,0,3897900,65,59968,1.7,42,31,0.0,32.3,12.0,10.0,15.0,28.0,10.0,17.0,38.0,11
7625,0,1894100,25,75764,1.5,20,19,16.0,52.6,6.0,6.0,10.0,3.0,6.0,10.0,9.0,23
7819,0,1088200,10,108820,2.2,10,4,10.0,75.0,5.0,4.0,1.0,1.0,1.0,8.0,2.0,23
7637,0,1149602,36,31933,1.3,17,24,2.8,33.3,4.0,16.0,8.0,8.0,1.0,22.0,13.0,14
7659,0,1152000,13,88615,1.5,10,9,15.4,77.8,2.0,6.0,5.0,1.0,1.0,5.0,8.0,24
7679,0,3696189,38,97268,1.2,14,21,0.0,14.3,19.0,12.0,5.0,2.0,4.0,3.0,31.0,14
7716,0,1528200,6,254700,1.3,6,5,16.7,100.0,1.0,1.0,1.0,4.0,1.0,3.0,2.0,15
7722,0,1072390,17,63082,1.0,11,12,5.9,50.0,4.0,4.0,9.0,1.0,5.0,5.0,7.0,14
7742,0,643800,13,49523,1.9,11,12,7.7,66.7,1.0,4.0,6.0,2.0,1.0,7.0,6.0,19
7747,0,267000,5,53400,1.0,4,4,0.0,25.0,1.0,1.0,1.0,3.0,1.0,2.0,3.0,16
7748,0,209000,4,52250,1.5,4,3,0.0,33.3,1.0,1.0,2.0,2.0,1.0,1.0,4.0,15
7755,0,400600,16,25038,2.0,10,9,12.5,22.2,2.0,1.0,1.0,13.0,1.0,5.0,11.0,9
7760,0,1225460,38,32249,1.3,29,22,7.9,36.4,6.0,12.0,12.0,8.0,3.0,9.0,26.0,12
7772,0,2135459,37,57715,2.0,13,14,13.5,35.7,10.0,3.0,18.0,6.0,3.0,12.0,22.0,14
7799,0,1410640,34,41489,1.3,20,22,20.6,40.9,6.0,11.0,15.0,2.0,2.0,6.0,26.0,24
7808,0,935000,10,93500,2.0,7,2,10.0,50.0,1.0,1.0,10.0,1.0,1.0,2.0,7.0,12
7810,0,5049450,38,132880,2.0,26,25,2.6,16.0,5.0,15.0,10.0,8.0,5.0,13.0,20.0,24
8201,0,88000,1,88000,1.0,1,1,0.0,100.0,1.0,1.0,1.0,1.0,1.0,1.0,1.0,24
8215,0,1132000,9,125778,1.7,9,6,0.0,16.7,1.0,9.0,1.0,1.0,1.0,3.0,6.0,9
7456,0,1605300,12,133775,1.0,11,7,0.0,85.7,5.0,6.0,1.0,1.0,1.0,4.0,8.0,19
8927,0,2365600,21,112648,1.9,16,13,9.5,61.5,15.0,1.0,5.0,1.0,1.0,6.0,14.0,16
8719,0,4877904,68,71734,1.6,25,24,19.1,50.0,13.0,9.0,16.0,30.0,10.0,3.0,55.0,14
8724,0,115646,2,57823,1.0,2,1,0.0,0.0,1.0,1.0,2.0,1.0,1.0,1.0,2.0,14
8726,0,2372657,41,57870,1.3,24,25,19.5,44.0,9.0,10.0,9.0,13.0,5.0,8.0,28.0,14
8734,0,2220260,42,52863,1.0,30,29,2.4,44.8,5.0,14.0,12.0,11.0,2.0,19.0,21.0,12
8739,0,1383700,8,172962,2.5,8,5,12.5,20.0,1.0,2.0,3.0,3.0,1.0,2.0,6.0,19
8772,0,1733000,28,61893,2.5,14,14,10.7,35.7,1.0,17.0,4.0,7.0,1.0,9.0,18.0,12
8786,0,131000,2,65500,3.0,2,1,0.0,0.0,2.0,1.0,1.0,1.0,1.0,2.0,2.0,22
8792,0,258700,10,25870,1.8,8,8,10.0,75.0,2.0,1.0,5.0,3.0,1.0,2.0,7.0,7
8794,0,2688700,16,168044,2.2,14,12,25.0,16.7,3.0,8.0,2.0,3.0,1.0,4.0,11.0,24
8858,0,1838338,30,61278,1.4,21,24,16.7,33.3,10.0,8.0,10.0,2.0,2.0,15.0,13.0,24
8867,0,2506500,14,179036,3.9,10,4,21.4,0.0,3.0,3.0,8.0,1.0,1.0,14.0,2.0,19
8890,0,396900,7,56700,2.1,6,4,14.3,0.0,1.0,1.0,1.0,6.0,1.0,1.0,6.0,19
8891,0,795000,15,53000,1.1,11,11,26.7,9.1,1.0,2.0,5.0,8.0,1.0,8.0,7.0,24
8899,0,2011164,36,55866,1.4,28,24,16.7,20.8,2.0,13.0,11.0,10.0,2.0,24.0,10.0,4
8937,0,283800,5,56760,1.8,4,3,0.0,66.7,1.0,1.0,3.0,2.0,1.0,1.0,4.0,12
8691,0,948878,39,24330,1.2,12,29,0.0,10.3,11.0,8.0,16.0,4.0,4.0,31.0,4.0,14
8945,0,1169600,20,58480,1.6,15,14,30.0,50.0,5.0,4.0,7.0,4.0,5.0,3.0,12.0,24
8950,0,8105480,63,128658,1.5,30,23,17.5,43.5,4.0,13.0,19.0,27.0,3.0,15.0,45.0,21
8959,0,1958256,53,36948,1.2,13,39,5.7,25.6,5.0,15.0,17.0,16.0,8.0,19.0,26.0,14
8961,0,697369,25,27895,1.4,12,22,12.0,68.2,6.0,5.0,5.0,9.0,13.0,8.0,4.0,14
8968,0,255650,4,63912,1.0,4,1,25.0,100.0,1.0,4.0,1.0,1.0,1.0,1.0,4.0,12
8971,0,99520,2,49760,2.0,2,2,0.0,100.0,1.0,1.0,2.0,1.0,1.0,1.0,1.0,14
8984,0,59000,1,59000,1.0,1,1,100.0,0.0,1.0,1.0,1.0,1.0,1.0,1.0,2.0,24
8988,0,44000,1,44000,1.0,1,1,100.0,0.0,1.0,1.0,1.0,1.0,1.0,1.0,1.0,24
9007,0,1666580,20,83329,2.0,19,8,15.0,37.5,8.0,3.0,3.0,6.0,3.0,12.0,5.0,7
9021,0,12882650,57,226011,1.4,18,44,5.3,31.8,8.0,12.0,19.0,18.0,2.0,35.0,20.0,19
9022,0,4061800,28,145064,2.4,18,14,39.3,35.7,7.0,3.0,14.0,4.0,1.0,1.0,27.0,24
9024,0,2849090,83,34326,1.0,44,53,0.0,24.5,23.0,18.0,18.0,24.0,15.0,31.0,37.0,14
9026,0,2117201,53,39947,1.5,28,33,9.4,27.3,17.0,8.0,16.0,12.0,14.0,1.0,38.0,13
9051,0,6632940,74,89634,1.9,42,30,25.7,86.7,15.0,24.0,16.0,19.0,12.0,4.0,58.0,24
8704,0,4066398,31,131174,1.7,12,16,0.0,18.8,4.0,18.0,9.0,1.0,1.0,4.0,26.0,14
8654,0,5436800,40,135920,1.1,30,11,2.5,63.6,3.0,3.0,32.0,2.0,5.0,16.0,19.0,24
8221,0,5970336,29,205874,2.2,25,15,13.8,73.3,8.0,1.0,6.0,14.0,5.0,3.0,21.0,3
8454,0,2956550,14,211182,1.5,12,10,42.9,10.0,2.0,1.0,1.0,10.0,1.0,2.0,11.0,24
8231,0,2126873,25,85075,1.2,14,21,28.0,23.8,9.0,5.0,1.0,10.0,2.0,4.0,19.0,14
8244,0,1366120,17,80360,3.2,12,11,17.6,36.4,2.0,8.0,5.0,2.0,1.0,7.0,10.0,14
8270,0,505060,22,22957,1.0,12,13,13.6,46.2,3.0,10.0,4.0,5.0,5.0,9.0,8.0,24
8289,0,333900,7,47700,2.1,7,5,14.3,60.0,1.0,2.0,1.0,3.0,1.0,2.0,5.0,24
8353,0,4844706,33,146809,1.8,21,15,12.1,6.7,1.0,9.0,20.0,3.0,1.0,9.0,24.0,14
8365,0,6528700,47,138909,2.2,32,32,29.8,31.2,12.0,10.0,17.0,8.0,6.0,7.0,34.0,11
8367,0,246000,10,24600,1.0,7,6,20.0,50.0,1.0,2.0,1.0,7.0,1.0,1.0,9.0,3
8406,0,4652000,21,221524,2.9,17,11,19.0,27.3,3.0,4.0,4.0,10.0,1.0,1.0,20.0,11
8416,0,195400,8,24425,2.2,5,5,12.5,60.0,6.0,2.0,1.0,1.0,1.0,5.0,2.0,12
8418,0,722040,7,103149,2.4,6,6,14.3,50.0,1.0,1.0,7.0,1.0,1.0,4.0,2.0,14
8431,0,2378500,49,48541,1.9,22,24,14.3,29.2,7.0,1.0,10.0,32.0,3.0,17.0,29.0,10
8438,0,2032200,31,65555,1.6,26,22,12.9,31.8,5.0,8.0,11.0,7.0,1.0,9.0,21.0,24
8439,0,4233200,18,235178,2.7,15,10,38.9,60.0,4.0,3.0,3.0,8.0,2.0,1.0,15.0,8
8447,0,3698500,45,82189,2.4,28,38,13.3,23.7,11.0,12.0,12.0,10.0,4.0,3.0,38.0,19
8459,0,4809240,51,94299,2.3,36,24,15.7,91.7,17.0,6.0,14.0,14.0,4.0,15.0,32.0,11
8640,0,4569300,56,81595,1.5,36,28,21.4,50.0,11.0,7.0,26.0,12.0,6.0,28.0,22.0,24
8477,0,12261860,124,98886,1.4,59,55,12.9,41.8,15.0,25.0,54.0,30.0,47.0,11.0,66.0,24
8480,0,1638620,11,148965,1.7,8,8,18.2,25.0,2.0,9.0,1.0,1.0,1.0,2.0,9.0,15
8499,0,388400,10,38840,1.2,9,7,0.0,14.3,1.0,5.0,4.0,1.0,1.0,8.0,2.0,12
8506,0,187000,4,46750,1.0,4,3,25.0,100.0,1.0,1.0,1.0,2.0,1.0,2.0,2.0,9
8510,0,1158400,10,115840,2.8,8,7,0.0,28.6,3.0,1.0,3.0,4.0,2.0,3.0,5.0,24
8513,0,103000,1,103000,3.0,1,1,100.0,0.0,1.0,1.0,1.0,1.0,1.0,1.0,2.0,24
8516,0,2324990,28,83035,3.4,14,13,0.0,69.2,6.0,1.0,22.0,1.0,3.0,11.0,14.0,23
8522,0,392000,5,78400,1.4,5,3,40.0,33.3,1.0,1.0,5.0,1.0,3.0,1.0,2.0,24
8545,0,2174400,23,94539,2.0,16,13,30.4,61.5,5.0,8.0,2.0,8.0,1.0,4.0,18.0,14
8594,0,287800,7,41114,1.9,5,5,85.7,60.0,2.0,2.0,1.0,2.0,1.0,4.0,3.0,24
8601,0,823600,3,274533,2.3,3,3,33.3,33.3,1.0,1.0,1.0,2.0,1.0,1.0,2.0,24
8623,0,2613900,29,90134,1.8,20,19,10.3,21.1,7.0,2.0,3.0,17.0,8.0,3.0,18.0,24
8627,0,152000,3,50667,2.3,3,2,33.3,0.0,1.0,3.0,1.0,1.0,1.0,1.0,2.0,7
8629,0,184000,5,36800,1.0,4,3,20.0,66.7,1.0,1.0,5.0,1.0,1.0,2.0,3.0,24
7459,0,218500,5,43700,1.0,5,1,40.0,100.0,5.0,1.0,1.0,1.0,1.0,3.0,2.0,12
7445,0,1569492,23,68239,1.3,11,9,4.3,44.4,6.0,3.0,1.0,14.0,11.0,1.0,12.0,14
12410,0,1440520,11,130956,1.7,8,10,18.2,50.0,2.0,5.0,3.0,1.0,1.0,6.0,5.0,24
6316,0,1054820,22,47946,1.5,13,15,4.5,26.7,5.0,3.0,2.0,12.0,1.0,4.0,17.0,24
6146,0,94080,4,23520,1.0,4,2,50.0,50.0,3.0,1.0,1.0,1.0,1.0,1.0,4.0,24
6155,0,1019124,11,92648,2.1,9,10,9.1,20.0,1.0,5.0,6.0,1.0,1.0,3.0,7.0,14
6184,0,3609700,43,83947,2.7,31,32,11.6,15.6,10.0,6.0,13.0,14.0,1.0,29.0,14.0,11
6202,0,3254851,36,90413,1.7,20,19,2.8,84.2,7.0,13.0,5.0,11.0,1.0,13.0,23.0,14
6218,0,744000,7,106286,1.6,5,2,0.0,50.0,4.0,1.0,3.0,1.0,1.0,1.0,7.0,24
6235,0,935000,13,71923,1.5,10,7,7.7,57.1,1.0,3.0,10.0,1.0,1.0,3.0,10.0,19
6242,0,288766,8,36096,1.2,2,8,0.0,62.5,2.0,5.0,1.0,1.0,2.0,2.0,4.0,14
6246,0,898100,10,89810,1.8,7,4,40.0,50.0,5.0,1.0,1.0,4.0,7.0,1.0,2.0,17
6268,0,4468440,67,66693,1.8,46,47,7.5,34.0,20.0,28.0,13.0,6.0,1.0,57.0,9.0,12
6271,0,3031500,33,91864,1.9,25,18,6.1,55.6,13.0,5.0,8.0,7.0,7.0,3.0,23.0,24
6283,0,75000,2,37500,1.0,2,1,0.0,0.0,2.0,1.0,1.0,1.0,1.0,1.0,2.0,14
6287,0,3299200,11,299927,1.9,9,3,45.5,33.3,1.0,1.0,11.0,1.0,1.0,1.0,11.0,16
6293,0,1626534,23,70719,2.0,14,15,0.0,60.0,6.0,1.0,4.0,12.0,5.0,1.0,17.0,12
6313,0,4041900,38,106366,1.2,32,20,0.0,40.0,2.0,21.0,10.0,5.0,10.0,9.0,19.0,11
6319,0,4104900,52,78940,2.0,28,33,13.5,57.6,14.0,14.0,12.0,12.0,9.0,13.0,30.0,14
6126,0,629700,12,52475,1.3,7,7,16.7,28.6,3.0,4.0,1.0,5.0,1.0,6.0,6.0,3
6321,0,782800,4,195700,4.2,3,2,0.0,50.0,1.0,1.0,4.0,1.0,1.0,1.0,4.0,12
6325,0,121000,2,60500,1.0,2,2,50.0,100.0,2.0,1.0,1.0,1.0,1.0,1.0,2.0,14
6326,0,2350932,37,63539,1.6,25,27,21.6,18.5,7.0,12.0,9.0,9.0,8.0,4.0,25.0,24
6333,0,647553,16,40472,1.5,11,14,6.2,14.3,6.0,3.0,2.0,5.0,1.0,9.0,7.0,12
6335,0,553000,4,138250,2.8,1,4,100.0,25.0,3.0,1.0,1.0,1.0,1.0,4.0,2.0,24
6348,0,919800,24,38325,1.4,15,14,4.2,42.9,16.0,1.0,6.0,2.0,1.0,14.0,10.0,12
6398,0,866850,14,61918,1.6,12,13,0.0,53.8,4.0,2.0,4.0,4.0,1.0,6.0,7.0,13
6415,0,1599600,11,145418,1.9,11,9,18.2,33.3,3.0,1.0,2.0,6.0,1.0,3.0,7.0,24
6423,0,652980,10,65298,1.7,9,8,10.0,50.0,1.0,5.0,5.0,1.0,1.0,4.0,6.0,12
6431,0,2054544,30,68485,1.7,25,14,6.7,57.1,9.0,11.0,6.0,4.0,4.0,16.0,10.0,19
6435,0,782300,11,71118,3.3,7,6,0.0,16.7,1.0,2.0,1.0,9.0,6.0,1.0,4.0,11
6479,0,9001687,94,95763,2.0,54,51,7.4,15.7,29.0,19.0,28.0,18.0,6.0,16.0,72.0,14
6483,0,2226780,25,89071,2.2,17,16,16.0,81.2,12.0,5.0,8.0,1.0,3.0,10.0,12.0,24
6506,0,5882600,26,226254,1.4,23,8,23.1,62.5,1.0,14.0,1.0,11.0,9.0,9.0,8.0,24
6137,0,431000,3,143667,1.7,3,2,33.3,50.0,1.0,1.0,1.0,2.0,1.0,2.0,1.0,24
6124,0,1198020,9,133113,2.6,8,5,11.1,60.0,1.0,3.0,2.0,3.0,1.0,3.0,6.0,15
6520,0,6356760,57,111522,1.2,30,23,1.8,4.3,12.0,17.0,19.0,9.0,1.0,46.0,10.0,13
5920,0,554000,7,79143,2.3,7,6,28.6,66.7,1.0,3.0,1.0,2.0,1.0,2.0,5.0,24
5827,0,1176200,14,84014,2.0,14,11,0.0,27.3,6.0,4.0,1.0,3.0,1.0,3.0,11.0,7
5832,0,358000,7,51143,1.3,6,4,28.6,25.0,1.0,1.0,6.0,1.0,1.0,3.0,4.0,13
5849,0,480500,4,120125,2.5,4,3,25.0,66.7,1.0,1.0,3.0,1.0,1.0,1.0,3.0,12
5864,0,501000,4,125250,2.5,3,2,50.0,50.0,1.0,1.0,3.0,1.0,1.0,1.0,4.0,24
5866,0,2023400,28,72264,2.1,16,15,0.0,40.0,9.0,14.0,1.0,4.0,5.0,8.0,15.0,11
5872,0,10542750,100,105428,2.0,61,44,22.0,31.8,28.0,21.0,28.0,23.0,9.0,32.0,59.0,24
5877,0,6246963,58,107706,1.9,38,31,6.9,35.5,14.0,19.0,7.0,18.0,1.0,20.0,38.0,11
5884,0,3366300,79,42611,1.4,29,56,1.3,30.4,24.0,13.0,23.0,19.0,3.0,66.0,10.0,13
5888,0,958880,18,53271,1.9,11,15,5.6,13.3,4.0,9.0,1.0,5.0,2.0,13.0,3.0,14
5904,0,91886,4,22972,1.0,3,2,25.0,100.0,1.0,1.0,4.0,1.0,1.0,1.0,4.0,14
5907,0,4110201,62,66294,2.1,38,31,3.2,29.0,11.0,17.0,20.0,14.0,3.0,29.0,30.0,14
5911,0,184000,2,92000,1.0,1,2,0.0,50.0,1.0,1.0,1.0,1.0,1.0,1.0,1.0,24
5912,0,2295490,44,52170,2.0,25,27,18.2,14.8,13.0,8.0,16.0,7.0,3.0,10.0,31.0,13
5913,0,1787800,14,127700,2.0,12,8,7.1,0.0,11.0,1.0,2.0,1.0,1.0,3.0,11.0,19
5923,0,630800,12,52567,1.8,8,10,16.7,20.0,1.0,7.0,2.0,2.0,1.0,8.0,4.0,24
6102,0,1459898,20,72995,1.9,15,14,10.0,42.9,10.0,4.0,1.0,5.0,1.0,6.0,14.0,14
5946,0,291800,7,41686,1.0,6,5,14.3,40.0,2.0,1.0,5.0,1.0,1.0,3.0,4.0,12
5956,0,62000,2,31000,1.0,1,2,100.0,50.0,1.0,1.0,2.0,1.0,1.0,1.0,2.0,24
5957,0,559666,26,21526,1.2,9,19,3.8,52.6,5.0,9.0,4.0,8.0,1.0,20.0,6.0,14
5961,0,226200,3,75400,1.7,3,2,33.3,50.0,1.0,1.0,1.0,3.0,1.0,2.0,1.0,3
5965,0,3125200,29,107766,2.0,20,18,0.0,38.9,9.0,4.0,13.0,3.0,1.0,13.0,16.0,12
5972,0,125000,3,41667,1.7,3,3,66.7,100.0,1.0,3.0,1.0,1.0,1.0,1.0,3.0,24
5994,0,726800,6,121133,1.7,6,5,50.0,60.0,1.0,1.0,1.0,3.0,1.0,1.0,5.0,24
6017,0,1679300,33,50888,1.3,21,27,6.1,11.1,10.0,9.0,12.0,2.0,3.0,12.0,18.0,24
6032,0,38000,1,38000,1.0,1,1,100.0,100.0,1.0,1.0,1.0,1.0,1.0,1.0,1.0,24
6033,0,827800,23,35991,1.3,19,9,0.0,88.9,1.0,10.0,8.0,4.0,1.0,13.0,10.0,13
6038,0,3485089,40,87127,2.1,22,26,2.5,19.2,14.0,7.0,9.0,10.0,5.0,3.0,32.0,24
6060,0,1321705,19,69563,1.8,15,13,5.3,92.3,9.0,2.0,6.0,2.0,1.0,10.0,9.0,11
6064,0,1964500,20,98225,2.9,16,11,5.0,81.8,3.0,4.0,8.0,5.0,1.0,8.0,12.0,15
6094,0,506600,10,50660,1.4,10,7,10.0,28.6,1.0,1.0,1.0,8.0,1.0,2.0,7.0,12
6507,0,1725600,20,86280,1.6,16,14,10.0,78.6,6.0,4.0,1.0,10.0,1.0,5.0,14.0,24
6529,0,1438400,18,79911,2.3,12,13,27.8,30.8,10.0,1.0,5.0,3.0,2.0,15.0,1.0,24
7435,0,557000,6,92833,2.7,5,5,16.7,80.0,1.0,4.0,1.0,2.0,1.0,1.0,6.0,11
7191,0,179200,2,89600,1.0,2,1,0.0,100.0,1.0,1.0,2.0,1.0,1.0,1.0,2.0,23
7044,0,4030390,77,52343,1.7,35,56,11.7,58.9,23.0,19.0,20.0,15.0,2.0,33.0,42.0,24
7050,0,6193750,31,199798,1.8,17,21,25.8,23.8,6.0,12.0,9.0,4.0,6.0,4.0,21.0,24
7061,0,2023100,19,106479,2.1,16,12,10.5,75.0,3.0,2.0,8.0,6.0,1.0,5.0,14.0,12
7088,0,1498465,32,46827,1.5,24,27,3.1,37.0,6.0,14.0,4.0,8.0,1.0,21.0,10.0,12
7094,0,29000,1,29000,1.0,1,1,0.0,100.0,1.0,1.0,1.0,1.0,1.0,1.0,1.0,24
7106,0,1379000,13,106077,1.2,12,6,15.4,16.7,1.0,1.0,13.0,1.0,2.0,2.0,9.0,24
7108,0,6002400,9,666933,3.6,5,6,11.1,50.0,1.0,3.0,5.0,1.0,1.0,2.0,7.0,19
7111,0,62800,3,20933,1.0,2,3,33.3,33.3,1.0,1.0,1.0,1.0,1.0,1.0,2.0,14
7132,0,4577926,59,77592,1.7,32,31,15.3,71.0,9.0,25.0,16.0,9.0,7.0,25.0,27.0,14
7139,0,332890,9,36988,1.6,5,6,0.0,83.3,1.0,3.0,3.0,2.0,1.0,4.0,4.0,14
7150,0,1971210,28,70400,2.1,13,20,7.1,35.0,2.0,10.0,13.0,3.0,4.0,12.0,12.0,11
7158,0,4740110,35,135432,2.0,18,17,14.3,29.4,12.0,11.0,2.0,10.0,5.0,13.0,17.0,13
7166,0,4135200,17,243247,2.4,12,7,23.5,42.9,1.0,4.0,13.0,1.0,1.0,9.0,8.0,19
7167,0,2966000,8,370750,1.2,7,6,50.0,50.0,1.0,3.0,3.0,1.0,1.0,1.0,7.0,8
7224,0,949838,19,49991,1.4,8,14,0.0,14.3,1.0,3.0,16.0,1.0,4.0,12.0,3.0,12
6998,0,1326239,20,66312,1.1,17,14,0.0,64.3,6.0,5.0,3.0,6.0,3.0,7.0,10.0,14
7245,0,140000,1,140000,3.0,1,1,0.0,100.0,1.0,1.0,1.0,1.0,1.0,1.0,2.0,24
7266,0,562770,17,33104,2.4,9,6,11.8,50.0,1.0,1.0,14.0,3.0,1.0,9.0,8.0,14
7288,0,868600,13,66815,2.5,8,7,7.7,42.9,3.0,1.0,4.0,5.0,1.0,11.0,2.0,12
7290,0,2632368,43,61218,1.6,15,29,18.6,24.1,14.0,26.0,3.0,1.0,5.0,23.0,15.0,14
7311,0,50000,1,50000,1.0,1,1,100.0,100.0,1.0,1.0,1.0,1.0,1.0,1.0,1.0,24
7319,0,11779585,72,163605,2.1,44,34,13.9,35.3,23.0,22.0,16.0,11.0,13.0,15.0,44.0,24
7346,0,551300,6,91883,2.0,6,6,33.3,16.7,1.0,3.0,1.0,1.0,1.0,1.0,6.0,24
7359,0,1533477,17,90205,1.2,9,13,0.0,53.8,1.0,9.0,4.0,3.0,8.0,1.0,8.0,14
7369,0,1125600,34,33106,1.9,21,16,2.9,25.0,2.0,1.0,19.0,12.0,1.0,26.0,8.0,11
7375,0,88000,1,88000,1.0,1,1,100.0,0.0,1.0,1.0,1.0,1.0,1.0,1.0,1.0,24
7385,0,1925350,19,101334,1.7,19,15,10.5,40.0,2.0,2.0,9.0,6.0,1.0,7.0,12.0,24
7405,0,123700,3,41233,1.7,2,3,66.7,0.0,1.0,1.0,1.0,1.0,1.0,1.0,2.0,24
7414,0,1410906,40,35273,1.6,10,17,5.0,23.5,10.0,28.0,2.0,1.0,15.0,14.0,11.0,14
7419,0,950110,16,59382,2.1,12,11,0.0,27.3,1.0,8.0,2.0,6.0,1.0,4.0,11.0,7
7031,0,529500,10,52950,1.8,7,6,10.0,33.3,1.0,2.0,4.0,4.0,1.0,5.0,4.0,13
6984,0,454000,5,90800,1.0,4,5,20.0,40.0,2.0,1.0,2.0,1.0,1.0,1.0,4.0,23
6530,0,216000,3,72000,2.3,3,1,33.3,100.0,1.0,1.0,1.0,3.0,1.0,1.0,3.0,12
6811,0,522600,14,37329,1.7,12,11,7.1,45.5,2.0,2.0,6.0,4.0,1.0,3.0,11.0,23
6589,0,734700,14,52479,2.1,11,13,21.4,38.5,4.0,4.0,3.0,3.0,1.0,7.0,7.0,24
6630,0,1079100,10,107910,3.5,8,4,10.0,75.0,4.0,5.0,1.0,1.0,1.0,8.0,2.0,15
6638,0,293000,5,58600,1.4,5,3,0.0,0.0,1.0,1.0,2.0,2.0,2.0,1.0,3.0,13
6684,0,2183600,17,128447,1.5,14,14,17.6,21.4,7.0,1.0,2.0,7.0,3.0,3.0,11.0,24
6690,0,1505400,17,88553,1.0,11,12,11.8,8.3,4.0,6.0,2.0,5.0,1.0,12.0,4.0,7
6693,0,1199086,27,44411,1.4,18,23,3.7,52.2,17.0,3.0,5.0,2.0,5.0,18.0,4.0,14
6698,0,979300,11,89027,2.1,9,8,18.2,37.5,3.0,2.0,4.0,2.0,1.0,5.0,6.0,15
6704,0,1965004,15,131000,2.3,10,7,20.0,57.1,6.0,3.0,1.0,5.0,3.0,2.0,10.0,11
6710,0,358000,3,119333,1.0,3,2,66.7,50.0,1.0,1.0,3.0,1.0,1.0,1.0,2.0,24
6724,0,1880000,7,268571,2.1,5,4,57.1,0.0,1.0,1.0,7.0,1.0,1.0,1.0,6.0,3
6726,0,4146660,26,159487,2.5,21,16,23.1,6.2,10.0,5.0,2.0,9.0,3.0,2.0,21.0,24
6733,0,695976,10,69598,1.8,7,5,10.0,80.0,1.0,6.0,2.0,1.0,1.0,10.0,2.0,13
6737,0,709400,7,101343,1.9,6,3,0.0,100.0,4.0,1.0,1.0,3.0,1.0,1.0,6.0,14
6780,0,375400,5,75080,2.4,4,4,40.0,25.0,1.0,1.0,4.0,1.0,1.0,3.0,1.0,24
6817,0,35000,1,35000,1.0,1,1,100.0,0.0,1.0,1.0,1.0,1.0,1.0,1.0,1.0,24
6961,0,1015000,17,59706,1.7,17,15,11.8,13.3,3.0,3.0,6.0,5.0,1.0,10.0,7.0,12
6830,0,856048,27,31705,1.3,22,15,3.7,33.3,7.0,3.0,4.0,13.0,1.0,12.0,15.0,12
6833,0,2522579,36,70072,2.7,18,21,25.0,33.3,6.0,16.0,12.0,2.0,6.0,3.0,27.0,13
6836,0,7194100,88,81751,1.2,49,55,33.0,29.1,7.0,22.0,38.0,21.0,10.0,13.0,65.0,24
6843,0,963000,11,87545,2.4,9,5,27.3,40.0,1.0,1.0,3.0,6.0,2.0,1.0,8.0,24
6848,0,878960,23,38216,1.9,13,16,4.3,31.2,11.0,2.0,7.0,3.0,2.0,8.0,13.0,24
6850,0,158000,4,39500,1.5,3,4,50.0,75.0,1.0,2.0,1.0,1.0,1.0,1.0,3.0,19
6855,0,2931383,23,127451,2.2,20,11,17.4,45.5,2.0,1.0,13.0,7.0,2.0,16.0,5.0,24
6872,0,2080589,30,69353,1.8,21,22,10.0,40.9,7.0,7.0,11.0,5.0,2.0,14.0,14.0,24
6878,0,635400,15,42360,1.1,11,13,6.7,38.5,6.0,6.0,1.0,2.0,4.0,3.0,8.0,12
6895,0,406000,7,58000,1.7,6,6,14.3,0.0,1.0,2.0,2.0,3.0,1.0,6.0,1.0,24
6948,0,642600,15,42840,1.4,12,13,13.3,61.5,1.0,1.0,9.0,4.0,1.0,5.0,10.0,12
6953,0,8409339,88,95561,1.8,47,45,3.4,31.1,24.0,26.0,16.0,22.0,6.0,31.0,51.0,14
6956,0,2322900,20,116145,1.8,15,10,20.0,60.0,3.0,12.0,1.0,4.0,1.0,9.0,11.0,24
6959,0,345648,11,31423,1.0,9,10,18.2,50.0,1.0,5.0,5.0,1.0,5.0,2.0,4.0,24
9063,0,2251340,23,97884,2.0,10,17,26.1,29.4,4.0,3.0,12.0,4.0,1.0,7.0,16.0,24
9077,0,463000,8,57875,1.2,4,6,62.5,33.3,1.0,6.0,1.0,1.0,1.0,2.0,6.0,24
9089,0,1104100,13,84931,2.5,8,6,0.0,100.0,8.0,5.0,1.0,1.0,1.0,6.0,7.0,23
11426,0,979400,26,37669,1.8,17,14,19.2,28.6,1.0,11.0,14.0,1.0,3.0,3.0,20.0,17
11201,0,11622264,59,196988,3.2,27,38,35.6,28.9,15.0,14.0,18.0,12.0,15.0,21.0,23.0,24
11213,0,167900,3,55967,1.7,2,1,33.3,100.0,1.0,3.0,1.0,1.0,3.0,1.0,2.0,13
11261,0,1463000,12,121917,2.9,9,6,16.7,50.0,1.0,1.0,1.0,10.0,1.0,1.0,11.0,24
11272,0,3982240,45,88494,1.7,26,29,6.7,20.7,13.0,13.0,11.0,8.0,5.0,12.0,28.0,12
11305,0,262800,8,32850,1.0,3,8,12.5,87.5,1.0,3.0,2.0,2.0,1.0,1.0,7.0,24
11322,0,588500,12,49042,2.8,8,9,33.3,44.4,2.0,2.0,4.0,4.0,1.0,6.0,6.0,24
11325,0,3728360,48,77674,1.5,27,24,25.0,37.5,10.0,4.0,3.0,31.0,9.0,12.0,27.0,24
11335,0,1549600,12,129133,4.2,8,8,16.7,25.0,5.0,1.0,1.0,6.0,1.0,2.0,9.0,19
11349,0,1195000,18,66389,1.9,13,15,5.6,26.7,2.0,6.0,5.0,5.0,2.0,6.0,10.0,9
11358,0,1607800,21,76562,2.6,13,7,9.5,57.1,5.0,14.0,1.0,1.0,4.0,3.0,14.0,11
11366,0,832203,35,23777,1.1,4,18,2.9,38.9,1.0,14.0,21.0,1.0,6.0,17.0,12.0,14
11386,0,4484028,35,128115,2.2,14,18,54.3,77.8,11.0,6.0,3.0,15.0,3.0,11.0,21.0,24
11395,0,3747520,24,156147,2.7,18,13,0.0,76.9,8.0,4.0,5.0,7.0,1.0,8.0,16.0,11
11413,0,217400,6,36233,1.0,6,6,33.3,16.7,1.0,6.0,1.0,1.0,1.0,6.0,2.0,24
11442,0,1808812,23,78644,2.3,14,8,30.4,62.5,3.0,15.0,5.0,1.0,1.0,6.0,17.0,24
11191,0,2138200,27,79193,1.4,21,20,22.2,25.0,2.0,5.0,5.0,15.0,4.0,5.0,18.0,24
11458,0,6004804,90,66720,2.8,22,31,2.2,38.7,22.0,24.0,20.0,24.0,3.0,26.0,61.0,14
11463,0,322200,10,32220,3.9,4,7,10.0,0.0,1.0,1.0,9.0,1.0,1.0,6.0,3.0,9
11479,0,817895,24,34079,1.6,6,20,0.0,35.0,4.0,17.0,2.0,1.0,1.0,7.0,17.0,14
11483,0,2975904,78,38153,1.6,28,22,25.6,22.7,2.0,9.0,53.0,14.0,19.0,14.0,45.0,24
11498,0,3682008,38,96895,3.3,26,26,0.0,34.6,7.0,8.0,11.0,12.0,2.0,8.0,28.0,3
11501,0,1750100,9,194456,1.2,8,7,66.7,14.3,1.0,1.0,2.0,7.0,1.0,4.0,4.0,24
11512,0,827200,11,75200,1.9,10,9,27.3,44.4,2.0,3.0,1.0,5.0,2.0,7.0,2.0,12
11526,0,2703500,29,93224,2.4,23,16,20.7,18.8,1.0,1.0,8.0,20.0,21.0,1.0,7.0,11
11535,0,6517520,28,232769,1.4,20,11,7.1,18.2,1.0,6.0,14.0,8.0,1.0,14.0,14.0,14
11558,0,1148200,14,82014,2.3,10,9,35.7,11.1,1.0,1.0,10.0,3.0,1.0,12.0,2.0,24
11559,0,3751700,18,208428,1.8,13,8,33.3,37.5,6.0,8.0,4.0,1.0,2.0,6.0,10.0,8
11580,0,3010091,53,56794,1.0,29,36,7.5,36.1,21.0,8.0,16.0,8.0,8.0,19.0,26.0,14
11604,0,1625800,19,85568,2.3,13,13,0.0,53.8,1.0,8.0,3.0,7.0,1.0,13.0,5.0,11
11612,0,354552,4,88638,1.5,4,3,25.0,66.7,1.0,4.0,1.0,1.0,1.0,1.0,4.0,13
11194,0,10539600,56,188207,2.3,37,24,39.3,25.0,19.0,8.0,14.0,15.0,14.0,1.0,41.0,13
11187,0,92000,2,46000,1.0,2,2,50.0,100.0,1.0,1.0,1.0,1.0,1.0,1.0,1.0,23
11633,0,4316300,12,359692,3.3,11,5,58.3,20.0,1.0,11.0,1.0,1.0,1.0,3.0,8.0,8
10959,0,714800,7,102114,2.6,5,6,28.6,66.7,1.0,1.0,1.0,6.0,1.0,6.0,1.0,24
10807,0,5984032,88,68000,1.9,54,43,4.5,46.5,30.0,22.0,13.0,23.0,3.0,13.0,72.0,12
10808,0,806450,21,38402,1.5,15,9,0.0,66.7,2.0,1.0,3.0,16.0,1.0,7.0,13.0,9
10832,0,418700,9,46522,2.3,7,8,44.4,50.0,1.0,1.0,4.0,3.0,1.0,5.0,4.0,24
10844,0,4875219,34,143389,2.4,26,18,8.8,44.4,14.0,2.0,3.0,15.0,17.0,2.0,15.0,14
10846,0,1494000,6,249000,1.0,6,1,33.3,100.0,1.0,1.0,6.0,1.0,1.0,1.0,6.0,15
10852,0,3633000,57,63737,1.3,29,27,10.5,29.6,6.0,14.0,14.0,23.0,7.0,14.0,36.0,11
10872,0,742800,9,82533,1.9,9,7,11.1,100.0,3.0,2.0,2.0,2.0,1.0,1.0,8.0,12
10893,0,1261281,44,28665,1.7,26,24,2.3,33.3,12.0,21.0,6.0,5.0,5.0,8.0,31.0,14
10908,0,7713066,48,160689,2.2,36,21,27.1,33.3,4.0,14.0,9.0,21.0,1.0,6.0,42.0,12
10933,0,234600,2,117300,2.0,2,2,0.0,50.0,1.0,1.0,2.0,1.0,1.0,1.0,2.0,12
10941,0,615100,11,55918,1.5,11,5,18.2,60.0,1.0,2.0,1.0,8.0,1.0,7.0,4.0,9
10942,0,3659000,9,406556,2.9,8,5,33.3,80.0,3.0,6.0,1.0,1.0,1.0,3.0,6.0,8
10945,0,1186213,16,74138,2.2,12,12,25.0,91.7,7.0,1.0,5.0,3.0,9.0,1.0,7.0,12
10952,0,87000,1,87000,2.0,1,1,100.0,0.0,1.0,1.0,1.0,1.0,1.0,1.0,1.0,24
10975,0,1196766,15,79784,1.9,12,7,6.7,14.3,1.0,2.0,2.0,11.0,4.0,1.0,10.0,11
11159,0,3794092,39,97284,2.0,26,22,10.3,36.4,4.0,8.0,10.0,17.0,3.0,8.0,28.0,11
10979,0,530000,8,66250,1.8,7,6,25.0,33.3,3.0,3.0,1.0,2.0,1.0,7.0,1.0,24
10996,0,1342600,6,223767,1.2,6,5,66.7,20.0,1.0,1.0,1.0,5.0,1.0,1.0,5.0,24
11035,0,1819755,28,64991,2.0,18,15,25.0,66.7,5.0,1.0,11.0,12.0,3.0,4.0,21.0,24
11036,0,2950533,40,73763,1.0,21,25,20.0,20.0,6.0,9.0,19.0,6.0,3.0,4.0,33.0,13
11041,0,528524,12,44044,1.8,8,10,8.3,30.0,5.0,6.0,1.0,1.0,3.0,5.0,4.0,22
11062,0,10423938,137,76087,1.9,49,66,2.2,30.3,36.0,38.0,27.0,36.0,4.0,81.0,52.0,14
11081,0,2409382,35,68839,2.1,12,16,0.0,25.0,1.0,16.0,7.0,12.0,1.0,11.0,24.0,14
11084,0,581720,18,32318,1.6,13,12,5.6,41.7,8.0,2.0,4.0,4.0,2.0,4.0,12.0,12
11098,0,490890,30,16363,1.1,7,27,0.0,51.9,7.0,4.0,6.0,13.0,1.0,14.0,16.0,14
11106,0,1059200,14,75657,1.4,14,11,7.1,27.3,3.0,1.0,1.0,9.0,3.0,9.0,2.0,11
11108,0,1789500,7,255643,2.1,6,4,14.3,50.0,4.0,1.0,3.0,1.0,1.0,4.0,2.0,10
11113,0,3157600,39,80964,1.6,24,18,7.7,27.8,7.0,6.0,22.0,4.0,2.0,15.0,22.0,21
11126,0,618000,4,154500,2.0,4,3,50.0,0.0,1.0,1.0,1.0,3.0,1.0,2.0,2.0,24
11143,0,222700,10,22270,1.2,7,8,10.0,37.5,4.0,4.0,1.0,1.0,1.0,1.0,10.0,13
11618,0,495299,9,55033,2.1,8,4,11.1,50.0,2.0,1.0,2.0,5.0,6.0,1.0,3.0,12
11635,0,221800,7,31686,1.9,6,3,28.6,33.3,1.0,2.0,1.0,4.0,1.0,6.0,1.0,19
9109,0,1745624,28,62344,2.2,12,20,3.6,25.0,4.0,4.0,20.0,1.0,1.0,13.0,14.0,14
12294,0,2119690,37,57289,1.8,23,27,24.3,51.9,1.0,11.0,14.0,11.0,5.0,13.0,19.0,14
12112,0,5526590,97,56975,1.6,53,36,11.3,33.3,18.0,23.0,20.0,36.0,20.0,20.0,57.0,13
12127,0,130000,3,43333,1.0,3,2,66.7,0.0,1.0,1.0,1.0,2.0,1.0,2.0,1.0,24
12137,0,9643600,24,401817,2.2,11,11,4.2,81.8,13.0,1.0,7.0,3.0,1.0,6.0,18.0,19
12176,0,474000,2,237000,6.5,2,2,50.0,50.0,1.0,1.0,1.0,1.0,1.0,1.0,2.0,15
12177,0,237254,4,59314,1.5,3,2,25.0,100.0,2.0,1.0,1.0,2.0,1.0,2.0,2.0,14
12183,0,207000,2,103500,2.0,2,2,0.0,100.0,1.0,1.0,1.0,1.0,1.0,1.0,1.0,22
12209,0,683000,12,56917,2.2,7,8,33.3,87.5,5.0,1.0,2.0,4.0,1.0,7.0,4.0,24
12241,0,8620452,121,71243,1.4,39,62,7.4,62.9,31.0,30.0,25.0,35.0,16.0,36.0,69.0,14
12242,0,3096200,35,88463,2.1,24,19,25.7,57.9,9.0,9.0,5.0,12.0,1.0,22.0,12.0,11
12243,0,181920,6,30320,1.3,4,3,66.7,66.7,2.0,2.0,2.0,1.0,1.0,1.0,6.0,24
12249,0,1831817,24,76326,3.8,8,21,4.2,47.6,9.0,10.0,3.0,2.0,1.0,10.0,13.0,14
12258,0,1009600,24,42067,2.2,17,15,20.8,46.7,4.0,5.0,3.0,12.0,3.0,4.0,17.0,24
12272,0,3576040,50,71521,1.1,27,15,26.0,53.3,7.0,8.0,12.0,23.0,3.0,10.0,37.0,24
12292,0,1205885,22,54813,1.3,10,10,22.7,30.0,12.0,1.0,4.0,5.0,1.0,16.0,5.0,13
12299,0,847000,5,169400,3.0,4,4,20.0,25.0,1.0,1.0,1.0,4.0,1.0,5.0,2.0,19
12078,0,1205400,18,66967,1.7,14,8,0.0,50.0,1.0,12.0,1.0,5.0,1.0,5.0,13.0,13
12309,0,79800,2,39900,1.0,2,2,0.0,50.0,1.0,1.0,1.0,1.0,1.0,1.0,1.0,12
12317,0,1369170,31,44167,2.2,15,18,12.9,55.6,8.0,7.0,4.0,12.0,2.0,8.0,21.0,14
12320,0,892600,10,89260,2.0,10,8,30.0,50.0,2.0,3.0,4.0,1.0,1.0,5.0,5.0,24
12338,0,4235420,37,114471,2.0,26,12,8.1,25.0,15.0,2.0,15.0,5.0,1.0,17.0,20.0,24
12339,0,803931,13,61841,1.2,7,8,7.7,50.0,1.0,1.0,8.0,5.0,4.0,3.0,6.0,14
12340,0,2422866,19,127519,1.0,12,12,5.3,16.7,4.0,5.0,10.0,1.0,3.0,3.0,13.0,14
12347,0,2275900,41,55510,2.0,19,20,7.3,60.0,6.0,15.0,4.0,16.0,3.0,16.0,22.0,10
12356,0,425900,12,35492,1.2,12,7,8.3,57.1,1.0,1.0,1.0,12.0,4.0,2.0,6.0,24
12364,0,2791579,34,82105,1.7,17,22,35.3,18.2,10.0,5.0,11.0,8.0,3.0,11.0,20.0,24
12370,0,427000,6,71167,1.8,4,5,0.0,40.0,1.0,5.0,1.0,1.0,1.0,1.0,6.0,3
12393,0,2407157,32,75224,1.7,22,17,9.4,52.9,3.0,3.0,6.0,20.0,3.0,8.0,21.0,14
12394,0,219094,11,19918,1.2,3,3,36.4,33.3,1.0,2.0,9.0,1.0,1.0,8.0,3.0,14
12407,0,152000,3,50667,1.0,3,2,0.0,0.0,1.0,1.0,3.0,1.0,1.0,1.0,2.0,21
12408,0,4176300,33,126555,1.9,24,19,12.1,31.6,1.0,9.0,16.0,8.0,8.0,4.0,21.0,14
12087,0,4796490,73,65705,1.8,48,24,12.3,62.5,8.0,36.0,13.0,16.0,11.0,26.0,36.0,24
12073,0,1608600,20,80430,2.4,12,9,5.0,77.8,1.0,7.0,13.0,1.0,1.0,1.0,19.0,23
11647,0,989600,29,34124,1.0,10,17,0.0,17.6,11.0,3.0,8.0,7.0,11.0,6.0,12.0,14
11905,0,2349534,44,53398,1.0,23,18,2.3,16.7,10.0,17.0,11.0,6.0,11.0,6.0,27.0,14
11675,0,734700,13,56515,2.2,11,7,7.7,71.4,3.0,2.0,1.0,8.0,3.0,7.0,3.0,24
11694,0,367000,2,183500,1.0,2,1,50.0,100.0,2.0,1.0,1.0,1.0,1.0,1.0,1.0,9
11705,0,7686039,44,174683,2.1,35,11,15.9,18.2,1.0,5.0,39.0,1.0,1.0,12.0,32.0,12
11722,0,2488100,11,226191,4.1,11,7,18.2,85.7,1.0,2.0,6.0,3.0,1.0,4.0,6.0,24
11730,0,605912,21,28853,1.7,11,13,19.0,30.8,1.0,16.0,5.0,1.0,2.0,7.0,12.0,12
11739,0,1827100,22,83050,1.9,14,11,4.5,45.5,3.0,8.0,7.0,4.0,2.0,2.0,18.0,24
11764,0,4369900,31,140965,1.3,22,15,3.2,26.7,19.0,1.0,9.0,2.0,9.0,18.0,4.0,19
11767,0,2137900,18,118772,1.0,12,7,22.2,28.6,2.0,1.0,12.0,4.0,4.0,1.0,14.0,13
11790,0,3536264,51,69339,1.6,28,26,13.7,34.6,11.0,14.0,10.0,16.0,1.0,7.0,43.0,14
11807,0,2486716,48,51807,1.0,26,19,18.8,26.3,24.0,10.0,1.0,14.0,3.0,12.0,33.0,24
11812,0,659000,15,43933,1.3,14,10,6.7,0.0,1.0,6.0,9.0,1.0,1.0,1.0,15.0,12
11848,0,5175500,55,94100,2.8,31,30,10.9,90.0,13.0,15.0,20.0,7.0,3.0,18.0,34.0,12
11864,0,1503134,43,34957,1.5,24,33,7.0,6.1,10.0,12.0,8.0,13.0,12.0,1.0,30.0,14
11885,0,749000,10,74900,1.0,6,4,0.0,25.0,1.0,1.0,9.0,1.0,2.0,6.0,2.0,15
11909,0,1578120,11,143465,2.1,7,9,45.5,55.6,1.0,6.0,3.0,2.0,1.0,3.0,8.0,24
12069,0,4208186,54,77929,1.1,27,25,14.8,64.0,8.0,26.0,10.0,10.0,3.0,5.0,46.0,14
11911,0,202000,3,67333,1.7,3,3,33.3,100.0,1.0,1.0,1.0,1.0,1.0,1.0,2.0,24
11913,0,2896000,47,61617,1.8,33,30,8.5,26.7,16.0,7.0,9.0,15.0,17.0,2.0,28.0,13
11921,0,474000,4,118500,2.0,4,3,50.0,33.3,1.0,1.0,1.0,2.0,1.0,3.0,1.0,24
11927,0,28198313,127,222034,2.1,76,41,19.7,51.2,19.0,27.0,45.0,36.0,5.0,24.0,98.0,9
11939,0,14376086,44,326729,2.4,25,18,20.5,44.4,3.0,13.0,15.0,13.0,1.0,36.0,8.0,19
11960,0,7304342,115,63516,1.9,53,66,2.6,34.8,23.0,25.0,30.0,37.0,36.0,11.0,68.0,14
11977,0,348295,10,34830,1.6,8,6,10.0,50.0,3.0,3.0,1.0,4.0,3.0,1.0,7.0,13
11978,0,874620,23,38027,1.5,20,16,4.3,56.2,7.0,2.0,5.0,9.0,8.0,3.0,12.0,19
12017,0,509887,12,42491,1.2,8,6,0.0,16.7,5.0,6.0,1.0,1.0,1.0,10.0,2.0,14
12030,0,307400,6,51233,1.7,6,4,33.3,50.0,1.0,1.0,4.0,1.0,1.0,5.0,1.0,24
12033,0,233400,3,77800,2.3,3,2,33.3,50.0,1.0,1.0,2.0,1.0,1.0,1.0,3.0,24
12034,0,8016493,71,112908,1.9,38,29,9.9,58.6,7.0,25.0,21.0,18.0,4.0,22.0,45.0,14
12039,0,1197460,17,70439,2.1,11,7,35.3,71.4,7.0,8.0,2.0,1.0,1.0,5.0,12.0,24
12045,0,1632500,24,68021,1.7,8,13,29.2,53.8,7.0,10.0,5.0,2.0,1.0,7.0,17.0,24
10803,0,748624,7,106946,1.9,7,5,14.3,60.0,1.0,1.0,1.0,5.0,1.0,4.0,3.0,22
10793,0,2778500,27,102907,1.3,23,14,37.0,28.6,5.0,2.0,8.0,12.0,1.0,6.0,21.0,19
10789,0,407000,6,67833,1.0,5,4,0.0,25.0,1.0,1.0,6.0,1.0,1.0,3.0,3.0,15
9643,0,2422357,30,80745,2.0,13,19,33.3,26.3,2.0,2.0,13.0,13.0,1.0,20.0,9.0,24
9453,0,387100,17,22771,1.6,12,13,17.6,30.8,2.0,6.0,2.0,7.0,2.0,9.0,6.0,24
9455,0,1513582,45,33635,1.8,27,22,20.0,31.8,2.0,13.0,27.0,3.0,1.0,16.0,28.0,3
9463,0,645672,10,64567,2.0,9,5,10.0,80.0,1.0,4.0,6.0,1.0,1.0,4.0,5.0,14
9482,0,425000,3,141667,2.3,3,3,100.0,0.0,2.0,1.0,1.0,1.0,1.0,1.0,2.0,8
9486,0,123000,2,61500,1.0,2,1,50.0,0.0,1.0,1.0,2.0,1.0,1.0,2.0,2.0,14
9492,0,140520,4,35130,1.0,4,4,25.0,25.0,1.0,3.0,1.0,1.0,1.0,1.0,3.0,7
9497,0,1130642,25,45226,1.6,17,15,8.0,66.7,3.0,15.0,2.0,5.0,4.0,9.0,12.0,13
9543,0,342000,5,68400,1.4,4,3,20.0,33.3,1.0,1.0,2.0,2.0,1.0,1.0,4.0,24
9544,0,1622000,32,50688,1.6,19,26,31.2,38.5,6.0,13.0,12.0,1.0,1.0,6.0,25.0,24
9553,0,1916900,29,66100,1.4,21,19,0.0,57.9,3.0,7.0,11.0,8.0,1.0,11.0,17.0,12
9599,0,277000,3,92333,2.3,3,2,66.7,50.0,2.0,1.0,1.0,1.0,1.0,1.0,3.0,24
9629,0,470000,5,94000,2.6,5,4,40.0,50.0,1.0,1.0,1.0,4.0,2.0,1.0,3.0,12
9630,0,1199500,12,99958,2.7,8,4,8.3,50.0,1.0,1.0,11.0,1.0,2.0,1.0,9.0,22
9634,0,330700,12,27558,1.5,7,10,0.0,60.0,4.0,8.0,1.0,1.0,2.0,2.0,8.0,13
9645,0,1985405,53,37460,1.4,24,30,7.5,3.3,13.0,20.0,15.0,5.0,10.0,15.0,28.0,14
9442,0,2603920,57,45683,1.9,33,22,3.5,45.5,11.0,9.0,18.0,19.0,3.0,23.0,31.0,12
9676,0,1190808,14,85058,2.1,9,10,7.1,60.0,3.0,8.0,2.0,1.0,1.0,7.0,6.0,0
9681,0,238800,7,34114,1.0,7,5,14.3,100.0,1.0,2.0,1.0,5.0,1.0,3.0,3.0,12
9691,0,836800,15,55787,2.7,11,9,53.3,44.4,5.0,2.0,4.0,4.0,3.0,10.0,2.0,24
9698,0,105000,1,105000,2.0,1,1,0.0,0.0,1.0,1.0,1.0,1.0,1.0,1.0,2.0,24
9708,0,1775800,13,136600,2.5,9,8,15.4,62.5,2.0,7.0,1.0,3.0,3.0,1.0,9.0,24
9710,0,3691840,61,60522,2.2,24,23,11.5,47.8,7.0,6.0,16.0,32.0,6.0,15.0,40.0,24
9720,0,237000,2,118500,2.0,2,2,50.0,0.0,2.0,1.0,1.0,1.0,1.0,1.0,1.0,23
9728,0,952420,22,43292,1.3,19,11,4.5,45.5,1.0,12.0,3.0,7.0,3.0,10.0,9.0,12
9743,0,620000,25,24800,1.6,14,15,32.0,13.3,4.0,12.0,5.0,4.0,6.0,1.0,18.0,24
9745,0,1014200,21,48295,1.7,8,14,66.7,14.3,4.0,6.0,9.0,2.0,6.0,5.0,10.0,24
9791,0,5284600,75,70461,1.8,35,54,24.0,38.9,23.0,17.0,20.0,15.0,11.0,46.0,18.0,24
9803,0,899584,39,23066,1.0,15,23,10.3,26.1,16.0,12.0,8.0,3.0,8.0,2.0,29.0,14
9806,0,2343039,51,45942,1.2,19,31,7.8,51.6,16.0,6.0,8.0,21.0,6.0,25.0,20.0,14
9811,0,938800,11,85345,1.0,7,8,0.0,25.0,1.0,7.0,2.0,1.0,3.0,5.0,3.0,14
9444,0,31000,1,31000,1.0,1,1,0.0,100.0,1.0,1.0,1.0,1.0,1.0,1.0,2.0,24
9440,0,6033772,77,78361,1.6,39,46,9.1,21.7,27.0,9.0,18.0,23.0,3.0,21.0,53.0,14
10782,0,2847104,49,58104,1.1,20,38,4.1,42.1,12.0,11.0,12.0,14.0,8.0,16.0,25.0,14
9302,0,1424500,11,129500,2.3,8,6,9.1,33.3,1.0,1.0,1.0,10.0,1.0,1.0,10.0,24
9125,0,4061854,64,63466,1.5,31,41,3.1,36.6,1.0,28.0,17.0,19.0,5.0,53.0,6.0,24
9128,0,84000,5,16800,1.8,4,3,20.0,0.0,1.0,1.0,4.0,1.0,1.0,1.0,4.0,11
9136,0,1121120,21,53387,1.2,14,12,9.5,16.7,1.0,7.0,7.0,7.0,13.0,4.0,4.0,11
9149,0,65000,1,65000,3.0,1,1,100.0,0.0,1.0,1.0,1.0,1.0,1.0,1.0,2.0,24
9160,0,1241558,12,103463,1.2,8,9,8.3,33.3,2.0,2.0,1.0,7.0,1.0,1.0,12.0,19
9191,0,477400,9,53044,1.9,6,7,44.4,42.9,2.0,5.0,2.0,1.0,1.0,4.0,5.0,24
9210,0,485000,3,161667,1.7,3,2,66.7,50.0,2.0,1.0,1.0,1.0,1.0,3.0,2.0,10
9211,0,2178022,28,77786,1.9,17,20,7.1,40.0,6.0,5.0,2.0,15.0,11.0,6.0,11.0,11
9212,0,397000,2,198500,2.0,2,2,0.0,100.0,1.0,1.0,1.0,1.0,1.0,1.0,1.0,24
9214,0,561400,12,46783,2.0,9,6,8.3,33.3,3.0,1.0,8.0,1.0,1.0,3.0,9.0,3
9219,0,85000,2,42500,1.0,2,2,0.0,50.0,1.0,2.0,1.0,1.0,1.0,1.0,1.0,24
9230,0,2571000,15,171400,2.2,11,9,20.0,44.4,3.0,1.0,5.0,7.0,6.0,1.0,9.0,24
9248,0,291700,6,48617,1.7,5,4,0.0,50.0,2.0,1.0,2.0,2.0,1.0,3.0,3.0,15
9258,0,1259662,37,34045,1.1,23,23,13.5,21.7,16.0,5.0,14.0,2.0,1.0,11.0,25.0,13
9310,0,11960700,73,163845,3.4,30,40,2.7,25.0,21.0,19.0,25.0,8.0,2.0,52.0,19.0,19
9425,0,2312100,15,154140,2.5,11,7,13.3,14.3,2.0,9.0,2.0,2.0,1.0,5.0,9.0,9
9320,0,2222400,21,105829,1.2,18,19,23.8,36.8,8.0,8.0,3.0,2.0,9.0,1.0,11.0,24
9323,0,3728904,22,169496,2.4,11,14,0.0,50.0,11.0,1.0,4.0,6.0,4.0,11.0,7.0,14
9326,0,3901860,46,84823,2.0,30,27,17.4,48.1,10.0,3.0,8.0,25.0,1.0,28.0,17.0,11
9329,0,5669200,69,82162,2.3,23,36,42.0,41.7,17.0,21.0,20.0,11.0,8.0,41.0,20.0,24
9330,0,624050,5,124810,1.4,4,4,20.0,25.0,3.0,2.0,1.0,1.0,1.0,1.0,5.0,14
9333,0,7081200,47,150664,1.6,25,18,44.7,66.7,16.0,5.0,11.0,15.0,1.0,19.0,27.0,24
9341,0,95670,3,31890,1.0,2,3,66.7,33.3,1.0,1.0,1.0,1.0,1.0,1.0,2.0,24
9369,0,4183450,65,64361,1.7,39,28,9.2,17.9,24.0,14.0,11.0,16.0,1.0,5.0,59.0,7
9378,0,3871123,45,86025,1.4,26,34,15.6,29.4,10.0,12.0,10.0,13.0,4.0,16.0,25.0,19
9381,0,9647590,60,160793,1.7,40,25,8.3,56.0,27.0,16.0,5.0,12.0,7.0,24.0,29.0,13
9392,0,13267342,110,120612,3.1,56,48,11.8,39.6,31.0,26.0,23.0,30.0,53.0,6.0,51.0,19
9402,0,202390,5,40478,1.4,4,5,20.0,40.0,1.0,2.0,1.0,2.0,1.0,3.0,1.0,14
9415,0,3004600,23,130635,2.4,21,13,4.3,76.9,1.0,8.0,13.0,2.0,1.0,8.0,15.0,11
9423,0,1350300,21,64300,2.1,12,14,19.0,28.6,7.0,2.0,5.0,7.0,3.0,13.0,5.0,23
9835,0,392000,5,78400,1.4,4,3,80.0,33.3,1.0,1.0,1.0,4.0,1.0,2.0,3.0,24
9838,0,2170270,15,144685,2.1,13,10,6.7,70.0,2.0,5.0,5.0,3.0,1.0,9.0,6.0,24
9924,0,1354400,10,135440,1.0,10,4,20.0,0.0,4.0,1.0,2.0,4.0,1.0,6.0,4.0,12
10640,0,170000,3,56667,1.0,3,3,33.3,33.3,1.0,1.0,1.0,1.0,1.0,1.0,2.0,16
10421,0,394000,1,394000,6.0,1,1,0.0,100.0,1.0,1.0,1.0,1.0,1.0,1.0,2.0,24
10423,0,3592492,71,50598,1.8,34,26,7.0,23.1,30.0,25.0,15.0,1.0,15.0,5.0,51.0,14
10426,0,1365850,31,44060,1.3,21,19,6.5,42.1,3.0,9.0,19.0,1.0,4.0,13.0,14.0,11
10429,0,362000,2,181000,3.0,1,2,0.0,50.0,2.0,1.0,1.0,1.0,1.0,1.0,1.0,24
10457,0,1869700,9,207744,1.8,8,4,44.4,0.0,1.0,7.0,2.0,1.0,1.0,1.0,8.0,24
10469,0,4442020,80,55525,1.4,42,36,25.0,55.6,16.0,26.0,12.0,26.0,5.0,23.0,52.0,24
10470,0,2249962,27,83332,1.6,16,18,18.5,77.8,4.0,10.0,6.0,7.0,3.0,6.0,18.0,14
10475,0,1093000,19,57526,1.0,12,8,5.3,50.0,1.0,10.0,7.0,1.0,1.0,11.0,8.0,24
10498,0,2096600,29,72297,2.2,18,20,20.7,35.0,11.0,5.0,7.0,6.0,4.0,13.0,12.0,24
10511,0,1556000,14,111143,6.4,6,7,21.4,28.6,1.0,2.0,7.0,4.0,1.0,14.0,2.0,24
10566,0,913000,8,114125,1.5,7,3,37.5,100.0,1.0,1.0,8.0,1.0,1.0,3.0,5.0,24
10585,0,3544700,16,221544,2.4,9,6,6.2,66.7,12.0,3.0,1.0,1.0,1.0,15.0,1.0,19
10589,0,1805000,15,120333,1.6,12,6,13.3,16.7,6.0,2.0,3.0,4.0,2.0,4.0,9.0,21
10607,0,1327300,12,110608,2.6,11,9,0.0,88.9,4.0,4.0,2.0,2.0,1.0,2.0,10.0,16
10648,0,2047000,29,70586,1.8,23,19,6.9,52.6,11.0,6.0,5.0,7.0,1.0,3.0,25.0,24
9928,0,2808400,25,112336,2.5,16,8,20.0,50.0,10.0,8.0,1.0,7.0,3.0,1.0,21.0,11
10657,0,3004900,32,93903,2.0,15,16,34.4,81.2,15.0,9.0,6.0,2.0,9.0,6.0,17.0,24
10661,0,1481279,19,77962,2.3,13,13,5.3,53.8,3.0,2.0,3.0,11.0,3.0,3.0,13.0,11
10669,0,1551131,21,73863,1.3,13,9,19.0,66.7,4.0,1.0,13.0,4.0,4.0,7.0,10.0,12
10672,0,344000,2,172000,3.0,2,2,0.0,100.0,1.0,1.0,1.0,1.0,1.0,1.0,1.0,4
10692,0,508600,11,46236,1.5,9,9,0.0,66.7,1.0,1.0,4.0,6.0,3.0,3.0,5.0,12
10698,0,1596078,17,93887,1.8,13,8,11.8,37.5,5.0,1.0,2.0,10.0,5.0,1.0,12.0,14
10712,0,1229500,13,94577,1.8,12,7,7.7,57.1,11.0,1.0,1.0,1.0,1.0,12.0,1.0,11
10714,0,85000,1,85000,1.0,1,1,0.0,100.0,1.0,1.0,1.0,1.0,1.0,1.0,1.0,24
10721,0,1186300,9,131811,1.4,8,6,0.0,66.7,6.0,1.0,1.0,2.0,1.0,1.0,8.0,17
10724,0,2944230,37,79574,1.7,21,16,8.1,43.8,11.0,11.0,12.0,3.0,1.0,14.0,23.0,1
10730,0,2547500,39,65321,1.5,22,21,17.9,76.2,11.0,13.0,7.0,8.0,1.0,6.0,32.0,24
10733,0,2473800,12,206150,2.3,7,9,33.3,0.0,3.0,3.0,2.0,4.0,3.0,3.0,6.0,8
10735,0,5956000,126,47270,2.0,64,29,0.8,34.5,30.0,34.0,23.0,39.0,48.0,10.0,68.0,13
10769,0,922497,30,30750,1.1,17,28,3.3,35.7,3.0,9.0,12.0,6.0,7.0,8.0,15.0,14
10417,0,235000,3,78333,1.7,3,2,33.3,0.0,1.0,1.0,1.0,2.0,1.0,3.0,2.0,16
10354,0,5668000,38,149158,1.6,22,18,5.3,88.9,11.0,10.0,9.0,8.0,7.0,10.0,21.0,19
10348,0,3115150,27,115376,2.2,15,16,11.1,50.0,1.0,7.0,6.0,13.0,1.0,11.0,15.0,14
10337,0,1000800,18,55600,2.0,12,11,5.6,36.4,7.0,6.0,3.0,2.0,2.0,8.0,8.0,24
9932,0,1357000,14,96929,2.1,13,10,50.0,50.0,3.0,6.0,5.0,1.0,1.0,4.0,10.0,24
9938,0,420000,4,105000,2.0,4,3,25.0,66.7,2.0,1.0,1.0,1.0,1.0,4.0,2.0,19
9954,0,1031000,5,206200,4.4,4,4,40.0,25.0,1.0,5.0,1.0,1.0,1.0,1.0,4.0,7
9987,0,2232622,41,54454,1.3,26,28,14.6,28.6,6.0,11.0,10.0,14.0,9.0,4.0,28.0,24
9992,0,2411240,14,172231,1.1,13,7,7.1,85.7,1.0,6.0,1.0,7.0,3.0,1.0,11.0,12
9993,0,1946840,48,40559,2.0,31,28,10.4,21.4,16.0,8.0,15.0,9.0,7.0,8.0,33.0,3
10002,0,1096600,16,68538,1.5,13,13,37.5,46.2,4.0,1.0,6.0,6.0,4.0,6.0,6.0,24
10034,0,408000,3,136000,1.7,3,2,33.3,50.0,1.0,2.0,1.0,1.0,1.0,3.0,2.0,11
10037,0,1351900,15,90127,2.2,13,13,0.0,0.0,3.0,1.0,8.0,3.0,5.0,9.0,1.0,1
10041,0,8257020,96,86011,2.3,43,38,9.4,26.3,27.0,23.0,17.0,29.0,15.0,24.0,57.0,11
10051,0,751400,10,75140,2.0,10,5,10.0,100.0,2.0,2.0,6.0,1.0,1.0,1.0,10.0,22
10053,0,3009800,48,62704,2.0,35,28,27.1,39.3,17.0,11.0,7.0,13.0,4.0,21.0,23.0,24
10065,0,435000,5,87000,3.0,4,1,80.0,100.0,1.0,5.0,1.0,1.0,1.0,4.0,1.0,24
10087,0,1257574,30,41919,1.7,19,18,3.3,55.6,2.0,19.0,7.0,2.0,7.0,1.0,23.0,14
10124,0,1444000,5,288800,2.0,5,5,40.0,20.0,1.0,3.0,2.0,1.0,1.0,2.0,2.0,24
10126,0,613480,11,55771,1.0,10,8,27.3,25.0,4.0,3.0,1.0,3.0,2.0,5.0,4.0,11
10132,0,627500,5,125500,1.8,5,5,0.0,20.0,1.0,2.0,1.0,2.0,1.0,3.0,2.0,16
10133,0,4778133,70,68259,1.8,42,39,4.3,30.8,21.0,12.0,25.0,12.0,3.0,46.0,21.0,11
10134,0,1256800,12,104733,2.2,7,7,0.0,42.9,2.0,4.0,1.0,6.0,1.0,6.0,6.0,24
10154,0,352706,13,27131,1.2,5,11,7.7,63.6,1.0,6.0,1.0,5.0,2.0,7.0,4.0,14
10164,0,161000,3,53667,1.0,2,2,33.3,0.0,3.0,1.0,1.0,1.0,3.0,1.0,2.0,14
10199,0,1883200,18,104622,1.1,14,11,0.0,54.5,8.0,1.0,1.0,9.0,1.0,7.0,11.0,11
10217,0,99000,6,16500,1.7,5,5,16.7,0.0,1.0,4.0,1.0,1.0,1.0,5.0,1.0,22
10221,0,2111416,8,263927,3.6,8,3,62.5,0.0,3.0,3.0,2.0,1.0,1.0,1.0,8.0,8
10245,0,4283600,9,475956,1.0,5,4,0.0,50.0,1.0,1.0,1.0,7.0,1.0,2.0,7.0,1
10258,0,666000,9,74000,1.0,9,7,44.4,57.1,1.0,7.0,2.0,1.0,2.0,4.0,3.0,24
10261,0,340300,15,22687,1.1,11,13,6.7,46.2,4.0,2.0,8.0,1.0,1.0,7.0,8.0,7
10300,0,2535003,17,149118,2.1,14,12,11.8,83.3,2.0,8.0,4.0,3.0,5.0,3.0,9.0,14
10320,0,2912000,32,91000,1.2,16,17,12.5,23.5,4.0,17.0,3.0,8.0,3.0,5.0,24.0,24
5792,0,898000,5,179600,1.8,5,3,20.0,66.7,3.0,1.0,1.0,2.0,3.0,1.0,2.0,11
5787,0,155220,7,22174,1.0,5,6,0.0,0.0,5.0,2.0,1.0,1.0,1.0,7.0,2.0,14
5781,0,1331000,13,102385,1.6,12,9,0.0,77.8,9.0,2.0,1.0,1.0,1.0,3.0,10.0,24
1884,0,560500,5,112100,1.8,5,3,0.0,100.0,1.0,3.0,2.0,1.0,1.0,5.0,2.0,11
1646,0,531000,9,59000,2.1,7,7,33.3,28.6,1.0,2.0,3.0,4.0,1.0,6.0,3.0,24
1653,0,1265000,10,126500,2.4,9,7,10.0,71.4,3.0,1.0,4.0,2.0,1.0,2.0,7.0,13
1667,0,1137000,8,142125,2.2,7,8,12.5,62.5,2.0,1.0,4.0,1.0,1.0,3.0,5.0,19
1671,0,311000,6,51833,1.8,5,6,16.7,0.0,1.0,3.0,3.0,1.0,5.0,1.0,1.0,11
1686,0,506050,14,36146,1.9,11,10,7.1,60.0,4.0,3.0,4.0,3.0,1.0,6.0,8.0,3
1692,0,2809400,20,140470,2.4,15,7,60.0,71.4,7.0,1.0,1.0,13.0,2.0,7.0,11.0,8
1709,0,62000,1,62000,3.0,1,1,100.0,100.0,1.0,1.0,1.0,1.0,1.0,1.0,1.0,24
1740,0,266800,10,26680,1.0,7,6,10.0,16.7,4.0,6.0,1.0,1.0,1.0,1.0,9.0,12
1741,0,1914100,24,79754,3.8,15,13,12.5,46.2,2.0,9.0,3.0,10.0,4.0,8.0,12.0,1
1778,0,37000,1,37000,1.0,1,1,0.0,100.0,1.0,1.0,1.0,1.0,1.0,1.0,1.0,24
1780,0,634200,18,35233,1.3,9,10,0.0,20.0,1.0,4.0,6.0,8.0,1.0,9.0,8.0,14
1785,0,1126912,13,86686,2.1,10,12,30.8,58.3,3.0,4.0,6.0,1.0,1.0,1.0,12.0,24
1791,0,2674940,29,92239,2.2,17,21,6.9,81.0,5.0,11.0,6.0,7.0,1.0,10.0,19.0,19
1868,0,2398600,19,126242,2.7,14,10,5.3,20.0,11.0,3.0,5.0,1.0,1.0,8.0,11.0,11
1946,0,1946742,25,77870,2.0,20,16,8.0,50.0,8.0,9.0,4.0,4.0,3.0,13.0,9.0,11
1621,0,1337800,50,26756,1.7,29,35,16.0,5.7,12.0,20.0,11.0,7.0,3.0,13.0,34.0,24
1965,0,38000,2,19000,1.0,2,1,100.0,100.0,1.0,1.0,2.0,1.0,1.0,1.0,2.0,24
1968,0,228800,4,57200,1.5,4,2,25.0,50.0,3.0,1.0,1.0,1.0,1.0,2.0,2.0,24
1978,0,570800,16,35675,1.1,9,11,37.5,18.2,1.0,3.0,5.0,7.0,5.0,1.0,10.0,24
1979,0,3093090,23,134482,2.9,13,9,8.7,44.4,4.0,4.0,15.0,1.0,2.0,8.0,13.0,14
2016,0,585000,3,195000,2.3,3,3,0.0,33.3,1.0,1.0,1.0,1.0,1.0,1.0,3.0,19
2017,0,2594267,39,66520,1.7,22,16,7.7,56.2,6.0,5.0,20.0,8.0,6.0,11.0,22.0,11
2025,0,1566895,26,60265,1.1,14,18,0.0,38.9,4.0,9.0,10.0,3.0,3.0,8.0,15.0,14
2027,0,1586440,23,68976,1.9,13,18,8.7,33.3,3.0,4.0,9.0,7.0,1.0,10.0,13.0,24
2036,0,2095584,24,87316,1.8,19,19,25.0,47.4,11.0,3.0,5.0,5.0,1.0,13.0,10.0,24
2038,0,3755600,14,268257,1.6,9,10,42.9,50.0,1.0,6.0,1.0,7.0,1.0,9.0,5.0,8
2039,0,1399500,23,60848,2.2,13,10,13.0,90.0,1.0,4.0,19.0,1.0,1.0,19.0,4.0,12
2046,0,1859800,32,58119,2.4,19,22,9.4,22.7,15.0,7.0,2.0,8.0,11.0,13.0,8.0,19
2048,0,411000,8,51375,1.5,7,5,25.0,100.0,2.0,6.0,1.0,1.0,1.0,1.0,8.0,24
2058,0,339100,9,37678,1.4,8,8,22.2,87.5,4.0,3.0,1.0,2.0,2.0,2.0,5.0,7
1623,0,2999629,49,61217,1.6,29,27,8.2,40.7,24.0,13.0,1.0,12.0,2.0,30.0,17.0,24
1596,0,67000,4,16750,1.0,2,1,25.0,100.0,1.0,4.0,1.0,1.0,1.0,1.0,4.0,7
2077,0,1415600,17,83271,2.1,15,11,5.9,72.7,3.0,5.0,3.0,6.0,2.0,3.0,12.0,24
1441,0,847000,6,141167,1.3,4,4,50.0,25.0,1.0,1.0,6.0,1.0,1.0,4.0,2.0,24
1276,0,2438076,18,135449,2.4,17,7,16.7,14.3,1.0,3.0,7.0,8.0,1.0,4.0,14.0,9
1300,0,5392622,213,25317,1.1,38,113,2.8,14.2,54.0,26.0,30.0,103.0,19.0,27.0,167.0,14
1312,0,2313000,10,231300,2.0,10,6,40.0,16.7,7.0,1.0,2.0,1.0,1.0,2.0,7.0,12
1330,0,6094242,83,73425,1.7,41,40,19.3,37.5,24.0,37.0,22.0,1.0,3.0,48.0,32.0,24
1351,0,5933600,72,82411,2.3,42,28,13.9,60.7,10.0,27.0,28.0,7.0,5.0,24.0,43.0,12
1357,0,494400,5,98880,1.4,5,4,20.0,25.0,2.0,1.0,3.0,1.0,1.0,1.0,3.0,12
1369,0,388600,3,129533,8.7,3,2,33.3,50.0,1.0,1.0,3.0,1.0,1.0,1.0,2.0,12
1379,0,2154754,50,43095,1.6,24,30,0.0,56.7,6.0,12.0,18.0,14.0,5.0,14.0,31.0,14
1389,0,2432300,41,59324,1.5,31,24,14.6,16.7,23.0,8.0,7.0,3.0,1.0,19.0,22.0,7
1390,0,361800,6,60300,2.2,5,5,33.3,60.0,1.0,1.0,1.0,4.0,1.0,3.0,3.0,7
1402,0,2010190,17,118246,2.1,10,7,11.8,57.1,1.0,1.0,17.0,1.0,1.0,8.0,8.0,7
1404,0,1257200,17,73953,1.9,13,10,23.5,40.0,6.0,4.0,5.0,2.0,6.0,7.0,4.0,11
1409,0,1452800,18,80711,1.9,14,16,11.1,56.2,4.0,2.0,7.0,5.0,3.0,11.0,4.0,24
1440,0,991290,23,43100,1.5,11,18,8.7,5.6,4.0,5.0,10.0,4.0,1.0,21.0,1.0,24
1444,0,551200,6,91867,2.3,6,5,0.0,40.0,1.0,2.0,1.0,4.0,1.0,4.0,1.0,12
1579,0,4341900,35,124054,2.3,16,19,5.7,47.4,7.0,19.0,7.0,2.0,3.0,19.0,13.0,10
1447,0,461600,9,51289,1.7,7,7,44.4,42.9,4.0,4.0,1.0,1.0,2.0,6.0,1.0,24
1469,0,750600,8,93825,2.0,8,6,12.5,66.7,2.0,2.0,2.0,2.0,1.0,2.0,6.0,12
1472,0,4063800,18,225767,2.1,14,7,5.6,71.4,1.0,6.0,4.0,8.0,5.0,2.0,11.0,19
1478,0,111000,1,111000,1.0,1,1,0.0,100.0,1.0,1.0,1.0,1.0,1.0,1.0,2.0,24
1487,0,690700,22,31395,1.3,14,10,27.3,20.0,6.0,12.0,1.0,3.0,1.0,20.0,2.0,24
1497,0,62995,3,20998,1.0,2,3,0.0,33.3,1.0,3.0,1.0,1.0,1.0,1.0,2.0,14
1505,0,2293600,19,120716,2.1,13,14,21.1,42.9,7.0,3.0,1.0,9.0,2.0,7.0,10.0,24
1511,0,255500,3,85167,2.0,3,2,33.3,0.0,1.0,1.0,3.0,1.0,1.0,1.0,2.0,12
1523,0,458400,12,38200,1.7,10,9,25.0,33.3,2.0,1.0,6.0,3.0,1.0,1.0,11.0,24
1531,0,760600,13,58508,2.1,11,8,7.7,50.0,5.0,3.0,3.0,2.0,1.0,3.0,10.0,12
1540,0,1560620,28,55736,2.3,9,17,14.3,52.9,7.0,12.0,3.0,6.0,1.0,6.0,21.0,24
1541,0,5699200,71,80270,1.6,34,48,14.1,20.8,16.0,7.0,13.0,35.0,3.0,19.0,49.0,11
1567,0,1363000,8,170375,3.6,6,5,12.5,0.0,4.0,1.0,3.0,1.0,1.0,7.0,1.0,15
1577,0,1691100,14,120793,2.1,12,10,7.1,50.0,7.0,3.0,4.0,1.0,1.0,2.0,12.0,12
2068,0,144572,4,36143,1.0,3,4,50.0,0.0,1.0,2.0,2.0,1.0,1.0,3.0,1.0,24
2085,0,10535000,56,188125,2.1,29,24,5.4,70.8,10.0,12.0,22.0,12.0,1.0,17.0,39.0,11
2792,0,728300,10,72830,1.8,10,6,40.0,83.3,3.0,5.0,2.0,1.0,1.0,1.0,9.0,24
2670,0,877960,11,79815,1.4,10,9,18.2,66.7,6.0,2.0,3.0,1.0,3.0,1.0,7.0,24
2465,0,72000,1,72000,3.0,1,1,0.0,0.0,1.0,1.0,1.0,1.0,1.0,1.0,2.0,24
2466,0,3671837,40,91796,1.8,20,31,32.5,54.8,4.0,13.0,15.0,8.0,2.0,13.0,25.0,24
2474,0,3120500,74,42169,1.7,36,40,10.8,62.5,11.0,32.0,19.0,12.0,1.0,32.0,41.0,15
2479,0,805400,12,67117,1.2,10,11,8.3,27.3,3.0,2.0,6.0,1.0,1.0,7.0,5.0,12
2529,0,138000,8,17250,1.0,4,6,12.5,50.0,5.0,1.0,3.0,1.0,2.0,6.0,2.0,15
2535,0,3937338,21,187492,2.4,17,7,42.9,57.1,2.0,9.0,9.0,1.0,1.0,5.0,15.0,24
2543,0,81000,2,40500,1.0,2,2,50.0,50.0,1.0,1.0,2.0,1.0,1.0,1.0,1.0,12
2562,0,3568100,14,254864,2.9,12,8,0.0,50.0,6.0,1.0,4.0,4.0,1.0,7.0,7.0,12
2577,0,1624556,29,56019,1.3,21,15,10.3,66.7,1.0,15.0,14.0,1.0,2.0,13.0,14.0,22
2579,0,723339,7,103334,3.3,4,3,0.0,66.7,1.0,3.0,4.0,1.0,2.0,1.0,4.0,14
2586,0,96460,3,32153,1.0,2,2,0.0,0.0,1.0,1.0,3.0,1.0,1.0,1.0,2.0,14
2589,0,285000,3,95000,2.3,2,2,0.0,0.0,1.0,1.0,2.0,1.0,1.0,1.0,2.0,24
2624,0,2614700,25,104588,2.0,22,16,20.0,31.2,5.0,7.0,11.0,2.0,5.0,8.0,12.0,24
2633,0,822310,19,43279,1.3,8,10,26.3,20.0,8.0,7.0,1.0,3.0,2.0,4.0,13.0,14
2688,0,1003190,28,35828,1.0,15,22,10.7,22.7,7.0,4.0,8.0,9.0,3.0,7.0,18.0,14
2443,0,424000,11,38545,1.2,8,6,9.1,16.7,1.0,1.0,10.0,1.0,1.0,5.0,5.0,11
2689,0,429800,3,143267,1.7,3,2,0.0,50.0,1.0,2.0,1.0,1.0,1.0,1.0,3.0,21
2698,0,576600,7,82371,1.9,6,6,14.3,50.0,3.0,4.0,1.0,1.0,1.0,3.0,4.0,12
2707,0,987500,10,98750,1.8,9,7,30.0,42.9,5.0,1.0,1.0,3.0,1.0,4.0,6.0,9
2710,0,4115200,37,111222,2.9,16,21,0.0,57.1,9.0,3.0,8.0,17.0,1.0,15.0,21.0,19
2712,0,599060,39,15361,2.0,19,21,0.0,61.9,7.0,16.0,7.0,9.0,7.0,9.0,23.0,12
2726,0,1142200,5,228440,3.0,4,3,40.0,0.0,1.0,1.0,4.0,1.0,1.0,2.0,2.0,24
2729,0,48300,3,16100,1.0,3,3,33.3,100.0,1.0,2.0,1.0,1.0,1.0,1.0,2.0,24
2735,0,157300,5,31460,1.8,5,2,0.0,100.0,4.0,1.0,1.0,1.0,1.0,3.0,2.0,7
2742,0,116000,2,58000,2.0,2,1,50.0,0.0,2.0,1.0,1.0,1.0,1.0,2.0,2.0,24
2750,0,29000,1,29000,1.0,1,1,100.0,100.0,1.0,1.0,1.0,1.0,1.0,1.0,1.0,24
2754,0,1273800,18,70767,1.9,15,9,16.7,55.6,4.0,1.0,5.0,9.0,1.0,11.0,7.0,23
2759,0,3865846,25,154634,2.0,16,12,28.0,41.7,10.0,2.0,9.0,4.0,1.0,8.0,17.0,14
2763,0,548400,15,36560,1.3,8,9,6.7,11.1,1.0,5.0,4.0,6.0,4.0,6.0,5.0,24
2787,0,305000,6,50833,1.0,6,4,16.7,75.0,1.0,3.0,3.0,1.0,1.0,1.0,5.0,24
2455,0,1720820,36,47801,2.0,24,20,2.8,65.0,9.0,10.0,12.0,5.0,5.0,9.0,22.0,12
2440,0,347200,3,115733,1.7,3,2,33.3,50.0,1.0,2.0,1.0,1.0,1.0,2.0,1.0,22
2098,0,503100,14,35936,1.0,12,7,14.3,42.9,1.0,1.0,7.0,7.0,4.0,3.0,7.0,24
2266,0,608900,9,67656,1.0,7,8,0.0,50.0,1.0,4.0,3.0,1.0,1.0,2.0,7.0,24
2099,0,2181200,31,70361,1.9,17,15,19.4,53.3,19.0,2.0,3.0,7.0,1.0,15.0,16.0,15
2118,0,2236920,43,52021,1.5,33,30,11.6,16.7,10.0,11.0,7.0,15.0,9.0,29.0,5.0,24
2127,0,1236500,10,123650,2.9,9,5,50.0,80.0,1.0,6.0,3.0,1.0,1.0,3.0,7.0,24
2133,0,795200,10,79520,1.0,8,4,0.0,75.0,2.0,2.0,1.0,6.0,1.0,1.0,10.0,12
2150,0,1878520,22,85387,1.5,15,9,22.7,11.1,1.0,15.0,7.0,1.0,1.0,13.0,9.0,24
2155,0,1147900,13,88300,2.2,10,7,7.7,28.6,1.0,6.0,6.0,1.0,1.0,1.0,12.0,12
2160,0,3601200,37,97330,1.9,26,22,21.6,31.8,12.0,10.0,12.0,3.0,4.0,10.0,23.0,24
2170,0,1045500,14,74679,2.1,8,8,14.3,37.5,5.0,2.0,7.0,1.0,2.0,8.0,4.0,24
2172,0,339800,5,67960,2.2,4,3,20.0,100.0,1.0,1.0,3.0,1.0,1.0,1.0,5.0,14
2191,0,7227043,59,122492,3.6,33,43,16.9,16.3,8.0,29.0,12.0,10.0,30.0,5.0,24.0,24
2194,0,463000,13,35615,1.2,9,10,15.4,50.0,4.0,3.0,6.0,1.0,1.0,7.0,5.0,13
2202,0,7447215,75,99296,1.1,43,36,14.7,38.9,26.0,15.0,15.0,19.0,6.0,19.0,50.0,12
2247,0,11093390,70,158477,1.1,42,57,32.9,33.3,19.0,23.0,19.0,9.0,5.0,47.0,18.0,19
2254,0,1158842,22,52675,1.8,18,15,18.2,40.0,2.0,6.0,2.0,12.0,2.0,11.0,9.0,3
2284,0,183000,8,22875,1.1,5,5,25.0,20.0,1.0,1.0,1.0,6.0,1.0,3.0,5.0,12
2436,0,840803,57,14751,1.0,7,40,1.8,15.0,22.0,6.0,7.0,22.0,3.0,22.0,32.0,14
2289,0,429420,8,53678,2.0,7,6,0.0,66.7,3.0,2.0,3.0,1.0,2.0,3.0,3.0,16
2305,0,506300,10,50630,1.4,10,7,20.0,42.9,1.0,6.0,2.0,1.0,1.0,5.0,5.0,24
2316,0,974200,13,74938,2.4,9,9,0.0,44.4,1.0,1.0,9.0,2.0,1.0,1.0,11.0,12
2320,0,314000,3,104667,1.7,3,3,33.3,0.0,1.0,1.0,2.0,1.0,1.0,2.0,2.0,22
2330,0,1650600,19,86874,2.4,14,10,10.5,40.0,13.0,1.0,4.0,2.0,2.0,7.0,10.0,11
2351,0,1082620,31,34923,1.7,16,23,3.2,8.7,2.0,8.0,8.0,13.0,7.0,4.0,20.0,24
2361,0,2583500,14,184536,2.4,12,12,21.4,66.7,2.0,5.0,2.0,5.0,2.0,5.0,7.0,19
2363,0,192000,1,192000,3.0,1,1,100.0,0.0,1.0,1.0,1.0,1.0,1.0,1.0,2.0,24
2380,0,64500,2,32250,1.0,2,1,0.0,0.0,1.0,2.0,1.0,1.0,1.0,1.0,2.0,13
2381,0,5750000,53,108491,2.5,21,21,15.1,23.8,6.0,17.0,18.0,12.0,22.0,12.0,19.0,9
2419,0,52000,2,26000,1.0,2,1,50.0,0.0,2.0,1.0,1.0,1.0,1.0,1.0,2.0,7
2422,0,2785193,30,92840,2.2,21,19,0.0,36.8,7.0,7.0,12.0,4.0,4.0,6.0,20.0,14
2429,0,3517500,38,92566,1.8,30,19,13.2,36.8,10.0,20.0,4.0,4.0,5.0,25.0,8.0,7
2434,0,2991300,24,124638,2.5,15,15,16.7,53.3,4.0,12.0,3.0,5.0,2.0,2.0,20.0,11
1263,0,1879700,18,104428,2.2,16,10,0.0,70.0,8.0,2.0,8.0,1.0,1.0,10.0,8.0,11
1257,0,228000,6,38000,1.0,6,5,33.3,0.0,1.0,3.0,2.0,1.0,1.0,1.0,5.0,24
1255,0,9287677,54,171994,1.2,32,22,18.5,31.8,12.0,22.0,7.0,13.0,1.0,17.0,37.0,9
501,0,161000,4,40250,1.0,4,3,0.0,0.0,1.0,1.0,4.0,1.0,1.0,1.0,4.0,12
325,0,2180500,34,64132,2.2,25,30,14.7,46.7,5.0,14.0,12.0,3.0,5.0,5.0,24.0,11
346,0,2228100,16,139256,2.5,13,8,6.2,37.5,1.0,8.0,7.0,1.0,1.0,11.0,5.0,7
355,0,12238000,48,254958,1.6,32,18,37.5,27.8,16.0,8.0,18.0,6.0,2.0,17.0,29.0,8
363,0,454800,5,90960,3.0,4,4,20.0,25.0,1.0,1.0,5.0,1.0,1.0,4.0,1.0,2
413,0,825200,11,75018,2.6,4,4,9.1,75.0,8.0,1.0,1.0,3.0,1.0,1.0,10.0,11
422,0,704100,9,78233,1.9,9,5,11.1,80.0,6.0,3.0,1.0,1.0,1.0,5.0,4.0,11
434,0,4610752,112,41167,1.1,57,51,6.2,47.1,17.0,41.0,20.0,34.0,27.0,48.0,37.0,14
454,0,949600,7,135657,3.0,7,3,14.3,100.0,1.0,1.0,6.0,1.0,1.0,3.0,4.0,11
463,0,348500,6,58083,1.5,5,3,16.7,0.0,1.0,1.0,6.0,1.0,1.0,2.0,4.0,12
468,0,796400,20,39820,1.3,12,17,20.0,47.1,6.0,5.0,6.0,3.0,3.0,7.0,10.0,14
469,0,1347700,19,70932,1.8,12,12,10.5,83.3,2.0,7.0,5.0,5.0,1.0,2.0,17.0,24
474,0,779800,12,64983,1.9,11,7,8.3,28.6,1.0,1.0,1.0,9.0,1.0,8.0,4.0,12
484,0,1977900,27,73256,2.9,14,21,11.1,61.9,3.0,13.0,7.0,4.0,1.0,12.0,15.0,12
488,0,438988,11,39908,1.5,8,10,18.2,40.0,1.0,3.0,5.0,2.0,1.0,2.0,9.0,14
511,0,157900,4,39475,1.5,4,3,0.0,100.0,1.0,1.0,4.0,1.0,1.0,2.0,2.0,24
310,0,6307200,94,67098,1.8,41,46,18.1,41.3,26.0,25.0,16.0,27.0,9.0,36.0,49.0,24
516,0,7467900,53,140904,1.8,36,25,5.7,40.0,9.0,12.0,25.0,7.0,3.0,17.0,33.0,12
538,0,381800,5,76360,1.8,5,3,20.0,33.3,1.0,1.0,4.0,1.0,1.0,2.0,3.0,12
543,0,1751905,31,56513,2.2,17,17,9.7,35.3,2.0,10.0,5.0,14.0,2.0,11.0,18.0,11
552,0,2592200,36,72006,2.2,20,17,2.8,52.9,11.0,6.0,19.0,1.0,5.0,7.0,24.0,12
560,0,2323200,68,34165,2.0,39,33,2.9,30.3,15.0,16.0,20.0,17.0,12.0,21.0,35.0,12
562,0,247000,3,82333,3.0,3,3,33.3,33.3,1.0,1.0,1.0,1.0,1.0,1.0,2.0,15
568,0,2612400,14,186600,2.6,11,6,7.1,0.0,1.0,1.0,6.0,8.0,4.0,1.0,10.0,9
575,0,525300,12,43775,1.7,10,6,25.0,33.3,1.0,6.0,6.0,1.0,1.0,6.0,5.0,24
585,0,2698100,38,71003,1.0,26,10,0.0,70.0,16.0,5.0,17.0,1.0,2.0,10.0,26.0,12
606,0,3467400,33,105073,2.9,26,17,6.1,76.5,3.0,9.0,12.0,9.0,4.0,7.0,22.0,12
609,0,1428600,17,84035,1.7,14,10,11.8,30.0,1.0,2.0,13.0,2.0,1.0,10.0,6.0,19
618,0,252000,9,28000,2.1,6,5,0.0,20.0,2.0,1.0,4.0,3.0,2.0,3.0,4.0,23
624,0,1563700,22,71077,1.3,13,13,13.6,46.2,5.0,3.0,7.0,7.0,1.0,5.0,17.0,19
632,0,933000,21,44429,1.5,17,16,14.3,62.5,2.0,7.0,7.0,5.0,6.0,9.0,6.0,12
322,0,386200,7,55171,1.6,4,6,71.4,16.7,3.0,2.0,2.0,1.0,1.0,3.0,3.0,24
304,0,2178300,12,181525,2.5,11,10,0.0,40.0,5.0,2.0,2.0,3.0,1.0,5.0,7.0,9
1246,0,442000,3,147333,3.0,3,3,33.3,33.3,1.0,1.0,2.0,1.0,1.0,2.0,2.0,24
174,0,433600,8,54200,2.6,5,4,0.0,50.0,1.0,5.0,1.0,3.0,1.0,5.0,3.0,11
23,0,5671400,36,157539,2.8,22,16,5.6,37.5,7.0,17.0,12.0,1.0,10.0,11.0,15.0,15
26,0,1964000,28,70143,1.4,15,14,39.3,28.6,5.0,8.0,15.0,1.0,1.0,18.0,10.0,24
35,0,885000,5,177000,6.0,5,2,0.0,100.0,1.0,1.0,5.0,1.0,1.0,5.0,2.0,22
50,0,3580200,36,99450,2.4,27,20,0.0,50.0,7.0,7.0,8.0,14.0,1.0,11.0,24.0,11
69,0,816300,14,58307,1.7,10,10,7.1,40.0,4.0,4.0,6.0,1.0,1.0,3.0,11.0,12
82,0,752200,5,150440,2.6,5,3,60.0,100.0,1.0,1.0,5.0,1.0,1.0,1.0,5.0,24
92,0,1145400,13,88108,1.9,7,9,23.1,22.2,1.0,1.0,2.0,10.0,1.0,8.0,4.0,24
100,0,442160,16,27635,1.0,10,6,25.0,33.3,1.0,5.0,11.0,1.0,1.0,3.0,13.0,24
102,0,590000,5,118000,3.0,4,4,20.0,100.0,3.0,1.0,1.0,1.0,1.0,1.0,5.0,22
103,0,836600,15,55773,2.1,13,12,26.7,41.7,4.0,3.0,4.0,4.0,1.0,8.0,7.0,12
126,0,1892400,41,46156,1.6,26,28,19.5,39.3,10.0,7.0,3.0,21.0,4.0,14.0,23.0,24
148,0,2897110,24,120713,1.5,18,15,0.0,26.7,6.0,6.0,8.0,4.0,5.0,1.0,18.0,12
154,0,285000,4,71250,2.0,3,2,50.0,0.0,1.0,1.0,4.0,1.0,1.0,4.0,2.0,24
161,0,2215000,28,79107,1.9,21,15,0.0,40.0,2.0,6.0,8.0,12.0,1.0,12.0,16.0,7
175,0,6466400,66,97976,2.0,38,33,10.6,57.6,17.0,26.0,16.0,7.0,7.0,11.0,48.0,24
302,0,3017320,36,83814,1.8,25,29,0.0,13.8,8.0,8.0,10.0,10.0,8.0,5.0,23.0,24
186,0,2305740,32,72054,2.0,19,16,15.6,68.8,11.0,4.0,2.0,15.0,1.0,17.0,15.0,24
196,0,3581560,36,99488,1.7,21,23,41.7,43.5,9.0,26.0,1.0,1.0,6.0,22.0,8.0,3
214,0,429400,10,42940,1.8,9,8,0.0,25.0,7.0,2.0,1.0,1.0,1.0,7.0,3.0,12
216,0,1906100,35,54460,1.0,26,18,5.7,16.7,16.0,6.0,10.0,3.0,7.0,9.0,19.0,11
217,0,208900,4,52225,1.5,2,1,25.0,100.0,1.0,1.0,4.0,1.0,1.0,1.0,4.0,14
220,0,870470,7,124353,2.9,7,6,0.0,50.0,1.0,2.0,3.0,1.0,1.0,2.0,5.0,11
224,0,31000,1,31000,1.0,1,1,0.0,0.0,1.0,1.0,1.0,1.0,1.0,1.0,2.0,24
239,0,407480,8,50935,1.8,8,6,12.5,50.0,3.0,1.0,2.0,3.0,1.0,1.0,7.0,24
252,0,101000,1,101000,3.0,1,1,0.0,0.0,1.0,1.0,1.0,1.0,1.0,1.0,2.0,24
255,0,61000,2,30500,1.0,2,1,50.0,100.0,1.0,2.0,1.0,1.0,1.0,2.0,2.0,24
261,0,1639035,19,86265,2.1,9,9,36.8,11.1,5.0,10.0,4.0,1.0,1.0,5.0,14.0,14
263,0,115000,2,57500,1.0,2,2,0.0,50.0,1.0,1.0,1.0,2.0,1.0,1.0,1.0,9
267,0,1306020,21,62191,1.7,16,19,0.0,47.4,4.0,4.0,4.0,9.0,3.0,8.0,10.0,19
271,0,1269180,40,31730,1.4,25,29,0.0,34.5,21.0,16.0,3.0,1.0,3.0,20.0,17.0,12
633,0,1265800,6,210967,2.3,5,2,16.7,50.0,1.0,6.0,1.0,1.0,1.0,4.0,2.0,12
635,0,3946800,18,219267,1.3,14,10,22.2,60.0,1.0,8.0,10.0,1.0,1.0,6.0,12.0,19
636,0,825200,10,82520,1.9,10,7,30.0,42.9,4.0,3.0,2.0,1.0,1.0,6.0,4.0,24
1130,0,2638000,10,263800,1.6,8,6,0.0,33.3,1.0,1.0,2.0,8.0,3.0,1.0,7.0,23
997,0,1265090,12,105424,2.2,11,10,0.0,30.0,1.0,5.0,7.0,1.0,2.0,5.0,5.0,9
1000,0,436488,7,62355,2.1,6,7,14.3,85.7,3.0,2.0,2.0,1.0,1.0,3.0,4.0,24
1003,0,4685730,35,133878,1.9,21,24,25.7,66.7,13.0,6.0,13.0,3.0,1.0,16.0,18.0,19
1011,0,290000,7,41429,2.1,5,3,85.7,0.0,1.0,7.0,1.0,1.0,1.0,1.0,6.0,24
1023,0,1564000,16,97750,2.6,11,8,25.0,87.5,11.0,2.0,3.0,1.0,1.0,4.0,12.0,23
1031,0,2157670,14,154119,5.7,7,7,7.1,42.9,8.0,2.0,2.0,2.0,1.0,3.0,11.0,14
1033,0,530000,2,265000,1.0,2,2,100.0,50.0,1.0,2.0,1.0,1.0,1.0,1.0,1.0,8
1040,0,1269800,17,74694,1.7,10,13,11.8,30.8,4.0,1.0,4.0,8.0,3.0,3.0,11.0,24
1041,0,1652000,20,82600,2.0,13,13,40.0,23.1,8.0,2.0,7.0,3.0,4.0,14.0,2.0,24
1042,0,216000,6,36000,1.7,6,5,33.3,20.0,1.0,5.0,1.0,1.0,2.0,2.0,2.0,24
1068,0,196000,3,65333,1.7,2,2,66.7,50.0,2.0,1.0,1.0,1.0,1.0,1.0,2.0,24
1079,0,7541209,115,65576,1.6,51,56,11.3,46.4,13.0,41.0,30.0,31.0,6.0,46.0,63.0,14
1099,0,689200,5,137840,2.8,5,5,0.0,40.0,1.0,1.0,5.0,1.0,1.0,3.0,1.0,12
1109,0,764551,24,31856,1.2,4,17,8.3,23.5,8.0,5.0,5.0,6.0,8.0,5.0,11.0,14
1135,0,52600,2,26300,1.0,2,2,50.0,0.0,1.0,1.0,2.0,1.0,1.0,1.0,1.0,14
642,0,2772400,27,102681,1.6,18,13,37.0,46.2,5.0,5.0,9.0,8.0,1.0,1.0,26.0,24
1142,0,3030300,48,63131,1.8,22,31,12.5,54.8,16.0,13.0,10.0,9.0,6.0,20.0,22.0,12
1158,0,249000,2,124500,2.0,2,2,0.0,0.0,1.0,1.0,1.0,1.0,1.0,2.0,2.0,21
1161,0,690000,6,115000,2.5,5,6,16.7,33.3,1.0,5.0,1.0,1.0,1.0,4.0,1.0,12
1162,0,2349000,31,75774,1.2,13,20,32.3,65.0,3.0,10.0,14.0,4.0,1.0,7.0,24.0,24
1168,0,3671500,41,89549,1.3,26,17,19.5,41.2,13.0,11.0,5.0,12.0,8.0,7.0,26.0,24
1181,0,4853140,51,95160,2.3,35,28,3.9,21.4,4.0,17.0,17.0,13.0,2.0,13.0,36.0,12
1194,0,1350800,20,67540,1.5,13,13,20.0,38.5,6.0,2.0,11.0,1.0,6.0,1.0,14.0,24
1199,0,1039890,19,54731,1.6,15,18,15.8,44.4,6.0,5.0,1.0,7.0,3.0,6.0,10.0,14
1214,0,529620,11,48147,1.5,9,10,9.1,30.0,2.0,3.0,3.0,3.0,1.0,6.0,5.0,12
1215,0,30000,1,30000,1.0,1,1,100.0,0.0,1.0,1.0,1.0,1.0,1.0,1.0,2.0,24
1217,0,997400,6,166233,1.7,5,5,0.0,100.0,1.0,1.0,5.0,1.0,1.0,1.0,6.0,23
1223,0,583900,8,72988,1.8,6,5,12.5,20.0,1.0,3.0,5.0,1.0,1.0,5.0,3.0,23
1224,0,1698200,26,65315,1.0,17,12,0.0,41.7,1.0,6.0,18.0,1.0,6.0,5.0,15.0,14
1227,0,1520800,26,58492,1.3,16,15,3.8,33.3,1.0,9.0,16.0,1.0,2.0,9.0,15.0,24
991,0,8172461,85,96147,1.6,43,46,9.4,21.7,28.0,17.0,34.0,6.0,7.0,15.0,63.0,14
971,0,421000,5,84200,1.8,3,5,20.0,0.0,2.0,1.0,1.0,1.0,1.0,5.0,2.0,24
969,0,88600,2,44300,1.0,2,2,50.0,50.0,1.0,1.0,1.0,1.0,1.0,1.0,2.0,12
955,0,2033000,18,112944,2.4,10,13,5.6,15.4,6.0,12.0,1.0,1.0,3.0,2.0,13.0,12
685,0,366450,14,26175,1.0,9,10,14.3,0.0,4.0,4.0,3.0,3.0,1.0,2.0,11.0,14
714,0,1284000,14,91714,1.4,10,9,35.7,44.4,1.0,12.0,2.0,1.0,2.0,8.0,4.0,24
732,0,3030740,22,137761,2.0,16,13,4.5,46.2,1.0,15.0,7.0,1.0,1.0,8.0,13.0,19
736,0,331300,6,55217,2.7,5,2,0.0,50.0,1.0,1.0,1.0,6.0,1.0,5.0,2.0,11
743,0,540000,4,135000,4.2,4,2,25.0,100.0,2.0,1.0,1.0,2.0,1.0,1.0,4.0,24
744,0,1223400,7,174771,1.3,4,6,57.1,66.7,1.0,5.0,1.0,1.0,1.0,3.0,4.0,24
754,0,256000,6,42667,1.7,2,6,16.7,50.0,2.0,1.0,1.0,2.0,1.0,4.0,2.0,24
768,0,109000,1,109000,3.0,1,1,100.0,0.0,1.0,1.0,1.0,1.0,1.0,1.0,2.0,24
774,0,882679,24,36778,1.2,8,20,12.5,25.0,6.0,7.0,7.0,4.0,1.0,14.0,10.0,14
782,0,373600,10,37360,1.2,10,10,20.0,10.0,1.0,3.0,7.0,1.0,3.0,6.0,1.0,12
784,0,657800,5,131560,1.0,5,4,20.0,100.0,3.0,1.0,1.0,1.0,1.0,2.0,3.0,11
791,0,226000,3,75333,1.7,3,3,33.3,0.0,1.0,1.0,2.0,1.0,1.0,2.0,1.0,24
807,0,1579400,22,71791,2.7,14,15,31.8,33.3,1.0,1.0,6.0,16.0,1.0,9.0,13.0,24
829,0,1157500,16,72344,1.5,16,10,6.2,70.0,1.0,1.0,4.0,10.0,5.0,6.0,5.0,12
830,0,951500,6,158583,3.7,5,4,0.0,75.0,1.0,1.0,6.0,1.0,1.0,1.0,4.0,10
831,0,681400,13,52415,1.3,8,7,0.0,57.1,3.0,3.0,6.0,1.0,1.0,7.0,5.0,12
836,0,254800,3,84933,1.7,3,2,0.0,100.0,1.0,1.0,3.0,1.0,1.0,1.0,3.0,10
852,0,2357200,49,48106,1.3,30,25,14.3,44.0,17.0,8.0,5.0,19.0,2.0,26.0,21.0,24
874,0,208000,3,69333,1.0,3,3,33.3,0.0,1.0,2.0,1.0,1.0,1.0,2.0,1.0,12
879,0,2796820,33,84752,1.6,20,21,21.2,52.4,14.0,8.0,8.0,3.0,5.0,8.0,20.0,12
881,0,5682400,25,227296,2.5,16,10,52.0,40.0,2.0,8.0,5.0,10.0,1.0,9.0,15.0,8
882,0,1235800,14,88271,1.7,12,7,14.3,14.3,5.0,5.0,1.0,4.0,2.0,3.0,9.0,10
922,0,1465300,21,69776,2.0,19,14,14.3,28.6,1.0,9.0,2.0,10.0,3.0,11.0,7.0,24
927,0,2533240,37,68466,2.3,20,24,18.9,25.0,4.0,9.0,13.0,11.0,3.0,19.0,15.0,24
930,0,3604424,41,87913,2.4,24,25,41.5,16.0,12.0,14.0,9.0,6.0,2.0,20.0,19.0,24
932,0,1727200,16,107950,3.2,11,13,25.0,30.8,5.0,1.0,3.0,7.0,1.0,10.0,6.0,15
944,0,741550,11,67414,1.0,10,7,18.2,28.6,4.0,4.0,1.0,2.0,1.0,6.0,5.0,12
946,0,929400,5,185880,2.6,3,4,20.0,25.0,3.0,1.0,2.0,1.0,1.0,2.0,2.0,19
952,0,971400,18,53967,1.6,16,11,16.7,0.0,2.0,4.0,10.0,2.0,2.0,14.0,2.0,12
2788,0,196000,4,49000,1.0,4,4,0.0,75.0,2.0,1.0,1.0,1.0,1.0,1.0,3.0,23
2800,0,257500,5,51500,1.4,4,4,20.0,75.0,1.0,4.0,1.0,1.0,2.0,2.0,1.0,12
5780,0,614900,10,61490,1.8,8,7,50.0,14.3,1.0,7.0,3.0,1.0,1.0,5.0,4.0,24
4822,0,4712934,19,248049,2.3,10,12,10.5,33.3,7.0,5.0,3.0,4.0,4.0,2.0,13.0,2
4681,0,1803800,14,128843,1.7,11,9,35.7,66.7,1.0,7.0,1.0,6.0,4.0,5.0,5.0,24
4718,0,3144840,32,98276,2.1,16,20,6.2,50.0,11.0,8.0,7.0,6.0,2.0,16.0,14.0,11
4725,0,3914600,36,108739,2.0,23,19,5.6,31.6,16.0,9.0,11.0,1.0,1.0,25.0,10.0,19
4731,0,1596244,13,122788,3.8,12,8,0.0,12.5,3.0,2.0,2.0,6.0,1.0,6.0,6.0,23
4741,0,1680205,32,52506,1.6,25,17,15.6,5.9,10.0,3.0,7.0,12.0,1.0,7.0,24.0,7
4756,0,1458100,17,85771,1.1,13,12,17.6,66.7,1.0,2.0,6.0,8.0,1.0,9.0,8.0,19
4765,0,182800,4,45700,1.5,4,4,25.0,25.0,1.0,2.0,2.0,1.0,1.0,2.0,2.0,12
4770,0,643500,7,91929,1.0,7,7,0.0,14.3,1.0,3.0,3.0,1.0,3.0,3.0,1.0,9
4772,0,159000,3,53000,1.0,3,1,33.3,0.0,1.0,1.0,1.0,3.0,1.0,3.0,2.0,24
4780,0,6901041,73,94535,2.8,40,37,35.6,16.2,17.0,26.0,15.0,15.0,2.0,27.0,44.0,24
4782,0,701300,20,35065,1.2,15,17,20.0,41.2,5.0,9.0,2.0,4.0,1.0,16.0,4.0,24
4794,0,497200,7,71029,1.0,7,6,14.3,83.3,1.0,1.0,3.0,3.0,1.0,2.0,4.0,24
4816,0,1473000,19,77526,2.4,13,13,15.8,76.9,4.0,2.0,5.0,8.0,1.0,6.0,13.0,24
4821,0,1351500,10,135150,2.0,7,4,10.0,50.0,1.0,1.0,9.0,1.0,1.0,5.0,5.0,10
4833,0,349356,14,24954,1.1,8,8,57.1,75.0,4.0,1.0,5.0,4.0,2.0,8.0,4.0,24
4655,0,2263100,26,87042,1.8,21,18,15.4,38.9,10.0,10.0,5.0,1.0,3.0,6.0,17.0,24
4834,0,10609819,114,93069,3.0,48,44,17.5,38.6,21.0,20.0,33.0,40.0,3.0,42.0,69.0,14
4881,0,125000,2,62500,2.0,2,2,50.0,100.0,1.0,1.0,1.0,1.0,1.0,1.0,1.0,12
4886,0,952000,3,317333,1.3,3,3,33.3,33.3,1.0,1.0,3.0,1.0,1.0,2.0,1.0,15
4892,0,3036670,40,75917,1.1,26,16,10.0,18.8,1.0,1.0,17.0,21.0,1.0,6.0,34.0,13
4899,0,117000,2,58500,2.0,2,2,50.0,50.0,1.0,1.0,1.0,1.0,1.0,1.0,1.0,24
4908,0,519923,17,30584,1.1,9,8,5.9,50.0,1.0,14.0,3.0,1.0,1.0,14.0,3.0,14
4916,0,1656620,32,51769,2.2,20,18,3.1,16.7,11.0,9.0,6.0,6.0,10.0,6.0,16.0,24
4961,0,1428400,12,119033,2.0,12,10,0.0,60.0,4.0,4.0,1.0,4.0,1.0,4.0,8.0,16
4982,0,174800,3,58267,1.7,2,3,33.3,66.7,2.0,1.0,1.0,1.0,1.0,2.0,1.0,14
4989,0,120000,3,40000,1.7,2,1,0.0,100.0,1.0,1.0,3.0,1.0,1.0,1.0,3.0,11
5026,0,6742070,51,132197,2.5,36,15,35.3,73.3,17.0,11.0,15.0,8.0,8.0,6.0,37.0,24
5030,0,1584450,21,75450,2.0,17,16,28.6,31.2,2.0,4.0,11.0,4.0,1.0,8.0,12.0,24
5039,0,445200,16,27825,1.2,14,10,18.8,70.0,10.0,2.0,4.0,1.0,2.0,3.0,11.0,24
5043,0,3458400,41,84351,2.1,19,30,22.0,36.7,10.0,17.0,9.0,5.0,5.0,25.0,11.0,12
4669,0,1781800,19,93779,1.1,16,13,10.5,53.8,2.0,6.0,5.0,6.0,1.0,8.0,10.0,24
4651,0,5804600,20,290230,2.5,18,12,10.0,58.3,8.0,1.0,5.0,6.0,1.0,17.0,3.0,12
5048,0,3021700,32,94428,2.1,19,14,28.1,14.3,8.0,2.0,21.0,1.0,4.0,16.0,12.0,24
4457,0,2255200,15,150347,1.0,14,11,20.0,54.5,2.0,5.0,6.0,2.0,3.0,4.0,8.0,19
4337,0,2689624,57,47186,1.4,28,40,5.3,20.0,10.0,14.0,28.0,5.0,1.0,30.0,27.0,14
4339,0,3593761,49,73342,2.3,18,21,10.2,52.4,17.0,23.0,9.0,1.0,4.0,23.0,22.0,14
4346,0,2923110,48,60898,1.5,29,29,4.2,58.6,13.0,6.0,11.0,18.0,14.0,9.0,25.0,12
4354,0,1494100,26,57465,1.1,14,15,3.8,66.7,8.0,7.0,10.0,1.0,2.0,10.0,14.0,11
4372,0,845422,16,52839,1.0,11,11,43.8,63.6,3.0,6.0,3.0,4.0,1.0,8.0,8.0,24
4386,0,138000,6,23000,2.0,5,4,16.7,25.0,1.0,1.0,2.0,4.0,1.0,6.0,2.0,11
4392,0,391950,9,43550,2.3,6,6,0.0,50.0,3.0,3.0,3.0,1.0,1.0,3.0,6.0,3
4396,0,554000,9,61556,2.1,7,6,11.1,16.7,1.0,1.0,5.0,3.0,5.0,2.0,2.0,22
4402,0,1037900,16,64869,1.7,12,11,12.5,27.3,3.0,6.0,5.0,2.0,5.0,8.0,3.0,12
4405,0,438000,8,54750,1.8,8,6,12.5,16.7,1.0,5.0,1.0,2.0,1.0,5.0,3.0,7
4408,0,3025100,29,104314,1.4,17,5,34.5,60.0,12.0,1.0,17.0,1.0,4.0,12.0,13.0,24
4419,0,2954140,29,101867,2.1,26,17,0.0,88.2,6.0,8.0,9.0,6.0,3.0,9.0,17.0,12
4430,0,1840000,9,204444,3.3,7,6,22.2,66.7,1.0,2.0,1.0,6.0,2.0,2.0,5.0,12
4442,0,331212,4,82803,1.0,4,4,25.0,50.0,1.0,1.0,1.0,1.0,1.0,1.0,2.0,24
4470,0,246608,11,22419,1.2,6,7,36.4,71.4,2.0,5.0,2.0,2.0,1.0,2.0,9.0,14
4647,0,779899,11,70900,1.2,7,11,9.1,36.4,4.0,4.0,2.0,1.0,1.0,1.0,9.0,14
4477,0,6832311,45,151829,2.8,24,26,28.9,23.1,16.0,5.0,15.0,9.0,1.0,14.0,30.0,24
4496,0,7144842,105,68046,1.9,55,43,16.2,55.8,21.0,33.0,27.0,24.0,2.0,54.0,49.0,24
4525,0,2223000,20,111150,2.5,12,9,20.0,22.2,2.0,2.0,9.0,7.0,1.0,9.0,11.0,19
4540,0,239000,5,47800,1.6,3,4,40.0,100.0,1.0,3.0,2.0,1.0,1.0,2.0,3.0,24
4545,0,1101281,25,44051,1.2,13,19,4.0,42.1,3.0,8.0,4.0,10.0,1.0,18.0,7.0,14
4546,0,1224294,22,55650,1.8,11,11,13.6,27.3,7.0,5.0,10.0,1.0,2.0,6.0,14.0,14
4563,0,434000,5,86800,1.8,5,5,40.0,60.0,3.0,1.0,1.0,1.0,1.0,1.0,3.0,24
4569,0,1319000,6,219833,3.0,5,5,33.3,20.0,1.0,2.0,2.0,1.0,1.0,1.0,6.0,24
4577,0,2276811,40,56920,1.1,16,23,7.5,30.4,1.0,25.0,5.0,9.0,1.0,15.0,25.0,14
4578,0,776334,15,51756,1.4,8,11,13.3,27.3,5.0,5.0,4.0,1.0,3.0,2.0,10.0,13
4582,0,548200,8,68525,1.5,8,5,50.0,0.0,2.0,6.0,1.0,1.0,1.0,7.0,1.0,24
4599,0,248000,5,49600,1.0,4,4,40.0,75.0,1.0,1.0,3.0,1.0,1.0,2.0,3.0,24
4611,0,1044410,12,87034,1.8,10,9,25.0,66.7,5.0,3.0,4.0,1.0,1.0,4.0,7.0,24
4617,0,1372000,17,80706,2.4,13,5,11.8,60.0,8.0,9.0,1.0,1.0,1.0,7.0,10.0,19
5044,0,675000,17,39706,1.6,12,13,11.8,53.8,8.0,1.0,2.0,6.0,7.0,5.0,5.0,24
5055,0,434520,8,54315,1.2,7,6,12.5,50.0,1.0,2.0,2.0,3.0,1.0,4.0,4.0,12
2819,0,939400,15,62627,1.1,14,13,0.0,61.5,4.0,2.0,4.0,5.0,1.0,7.0,7.0,9
5626,0,870178,20,43509,1.1,13,14,10.0,42.9,1.0,7.0,5.0,8.0,1.0,13.0,7.0,12
5458,0,2414240,38,63533,1.7,28,16,5.3,37.5,6.0,26.0,1.0,5.0,1.0,17.0,21.0,19
5462,0,2822534,54,52269,1.3,22,29,7.4,24.1,13.0,9.0,17.0,15.0,7.0,14.0,33.0,14
5465,0,2001100,35,57174,2.3,22,26,5.7,53.8,6.0,10.0,11.0,8.0,4.0,11.0,20.0,12
5482,0,491800,4,122950,2.0,4,2,0.0,50.0,1.0,1.0,3.0,1.0,1.0,1.0,3.0,15
5488,0,189000,3,63000,1.0,3,3,0.0,66.7,1.0,1.0,2.0,1.0,1.0,1.0,2.0,12
5503,0,2115819,15,141055,1.6,12,10,6.7,30.0,1.0,7.0,7.0,1.0,1.0,12.0,2.0,9
5530,0,1561600,11,141964,2.6,10,4,9.1,25.0,2.0,1.0,8.0,1.0,1.0,3.0,8.0,22
5538,0,922800,5,184560,2.2,5,4,20.0,75.0,2.0,2.0,1.0,1.0,1.0,1.0,5.0,16
5556,0,3239100,23,140830,2.0,17,10,26.1,20.0,4.0,2.0,4.0,13.0,1.0,13.0,10.0,24
5560,0,999200,12,83267,2.0,10,9,8.3,66.7,4.0,6.0,2.0,1.0,1.0,7.0,5.0,7
5564,0,3620300,30,120677,1.9,24,16,30.0,37.5,1.0,4.0,12.0,13.0,2.0,14.0,14.0,12
5582,0,2005500,21,95500,2.1,13,16,33.3,56.2,9.0,5.0,5.0,2.0,3.0,8.0,10.0,11
5586,0,2281235,33,69128,2.1,23,20,15.2,45.0,7.0,8.0,3.0,15.0,3.0,10.0,20.0,24
5608,0,2986700,38,78597,1.8,29,25,23.7,56.0,4.0,16.0,12.0,6.0,4.0,15.0,19.0,24
5654,0,1931500,20,96575,2.0,14,15,20.0,66.7,8.0,4.0,1.0,7.0,1.0,10.0,10.0,11
5442,0,193000,4,48250,2.5,4,4,0.0,50.0,1.0,1.0,2.0,2.0,1.0,1.0,3.0,12
5662,0,1991000,11,181000,2.7,9,4,18.2,100.0,3.0,6.0,2.0,1.0,1.0,4.0,7.0,19
5664,0,1742320,42,41484,1.3,24,25,16.7,36.0,18.0,9.0,8.0,7.0,1.0,27.0,15.0,24
5672,0,732000,11,66545,2.3,10,9,9.1,44.4,4.0,1.0,5.0,1.0,1.0,6.0,5.0,12
5682,0,1772300,24,73846,1.8,22,11,12.5,54.5,4.0,3.0,16.0,1.0,1.0,10.0,14.0,11
5686,0,2054300,23,89317,2.5,14,11,4.3,100.0,11.0,6.0,2.0,4.0,1.0,9.0,14.0,24
5692,0,432800,5,86560,2.2,5,4,20.0,25.0,2.0,1.0,3.0,1.0,1.0,1.0,4.0,21
5703,0,331000,3,110333,3.0,3,1,33.3,100.0,1.0,1.0,1.0,3.0,1.0,1.0,3.0,3
5711,0,1670350,27,61865,1.9,20,20,7.4,50.0,3.0,18.0,4.0,2.0,1.0,9.0,18.0,3
5714,0,150500,2,75250,3.0,2,2,50.0,100.0,1.0,2.0,1.0,1.0,1.0,1.0,1.0,9
5717,0,1096600,19,57716,1.6,11,13,26.3,53.8,5.0,9.0,1.0,5.0,7.0,5.0,7.0,12
5727,0,831000,3,277000,2.3,3,2,0.0,50.0,1.0,1.0,3.0,1.0,1.0,1.0,2.0,19
5771,0,793100,12,66092,2.3,8,5,33.3,60.0,1.0,1.0,12.0,1.0,1.0,5.0,7.0,24
5775,0,491300,6,81883,1.5,6,3,16.7,100.0,1.0,2.0,1.0,4.0,1.0,1.0,6.0,24
5777,0,6300400,44,143191,1.1,38,19,9.1,52.6,20.0,4.0,12.0,8.0,5.0,1.0,39.0,15
5444,0,558800,7,79829,1.0,7,5,0.0,20.0,1.0,1.0,1.0,7.0,1.0,4.0,3.0,11
5435,0,718000,21,34190,1.6,14,15,14.3,53.3,5.0,3.0,6.0,7.0,1.0,4.0,17.0,11
5093,0,2030232,32,63445,2.1,13,14,59.4,64.3,8.0,10.0,5.0,9.0,1.0,26.0,6.0,24
5275,0,1913258,21,91108,1.5,11,14,23.8,50.0,7.0,6.0,6.0,2.0,1.0,10.0,11.0,14
5103,0,1539700,19,81037,2.4,15,12,10.5,33.3,5.0,4.0,10.0,1.0,2.0,2.0,15.0,12
5140,0,241700,10,24170,2.2,5,4,10.0,50.0,1.0,1.0,10.0,1.0,1.0,3.0,7.0,12
5141,0,3973254,73,54428,1.6,37,41,9.6,39.0,23.0,29.0,14.0,7.0,16.0,8.0,49.0,14
5145,0,614600,8,76825,1.0,8,8,25.0,37.5,1.0,1.0,3.0,3.0,1.0,4.0,4.0,24
5150,0,4090400,43,95126,1.7,32,32,11.6,6.2,8.0,4.0,16.0,15.0,1.0,32.0,10.0,19
5153,0,864700,10,86470,1.8,10,10,10.0,20.0,4.0,3.0,1.0,2.0,1.0,2.0,8.0,12
5171,0,6360690,67,94936,1.6,35,35,22.4,68.6,6.0,22.0,12.0,27.0,8.0,23.0,36.0,24
5200,0,836550,22,38025,1.2,13,10,22.7,40.0,1.0,10.0,11.0,1.0,3.0,14.0,5.0,24
5216,0,363400,7,51914,1.3,7,7,42.9,71.4,1.0,1.0,3.0,3.0,1.0,1.0,7.0,24
5224,0,402000,2,201000,3.0,2,2,0.0,50.0,1.0,1.0,1.0,1.0,1.0,1.0,1.0,11
5249,0,5330169,47,113408,2.2,33,27,17.0,40.7,12.0,8.0,17.0,10.0,8.0,7.0,32.0,24
5251,0,3541899,108,32795,1.6,32,82,0.0,34.1,27.0,28.0,30.0,23.0,4.0,97.0,7.0,14
5259,0,172000,5,34400,1.4,5,3,20.0,100.0,3.0,1.0,2.0,1.0,1.0,3.0,2.0,7
5269,0,423700,12,35308,1.0,8,7,8.3,42.9,1.0,8.0,4.0,1.0,1.0,11.0,1.0,12
5305,0,4180600,31,134858,2.8,19,13,32.3,23.1,11.0,6.0,4.0,10.0,1.0,10.0,21.0,24
5427,0,840500,10,84050,1.0,9,6,10.0,0.0,2.0,6.0,2.0,1.0,7.0,1.0,3.0,9
5314,0,1723200,14,123086,2.0,12,9,21.4,44.4,1.0,9.0,5.0,1.0,2.0,1.0,12.0,12
5315,0,954600,7,136371,1.9,6,6,14.3,33.3,1.0,5.0,1.0,1.0,1.0,3.0,3.0,15
5319,0,32900,2,16450,1.0,2,1,50.0,0.0,1.0,1.0,2.0,1.0,1.0,1.0,2.0,24
5339,0,784800,18,43600,1.8,9,12,44.4,0.0,9.0,1.0,2.0,7.0,1.0,10.0,7.0,24
5348,0,379600,12,31633,1.5,8,9,25.0,33.3,8.0,1.0,3.0,1.0,3.0,2.0,7.0,12
5351,0,653540,9,72616,1.9,8,8,22.2,0.0,1.0,1.0,4.0,5.0,1.0,7.0,2.0,21
5359,0,1514930,45,33665,1.6,26,30,11.1,36.7,18.0,12.0,9.0,6.0,1.0,19.0,26.0,24
5367,0,507400,3,169133,3.0,3,3,66.7,33.3,1.0,1.0,1.0,1.0,1.0,1.0,3.0,14
5382,0,452800,5,90560,1.8,5,4,0.0,25.0,1.0,1.0,1.0,4.0,1.0,3.0,2.0,19
5385,0,792500,18,44028,1.3,12,11,22.2,63.6,2.0,3.0,4.0,9.0,1.0,9.0,8.0,12
5388,0,1431000,18,79500,1.7,17,14,5.6,64.3,4.0,6.0,4.0,4.0,1.0,4.0,13.0,11
5389,0,302000,11,27455,1.0,10,11,9.1,54.5,5.0,2.0,2.0,2.0,2.0,4.0,5.0,7
5399,0,3700400,15,246693,1.5,10,7,0.0,85.7,1.0,10.0,5.0,1.0,1.0,4.0,10.0,19
5401,0,4856064,67,72479,2.1,36,35,29.9,22.9,20.0,13.0,29.0,5.0,5.0,17.0,45.0,24
4323,0,3059500,53,57726,1.4,28,31,18.9,51.6,16.0,12.0,10.0,15.0,12.0,15.0,26.0,14
4317,0,106000,2,53000,1.0,2,2,50.0,100.0,1.0,1.0,1.0,1.0,1.0,1.0,2.0,7
4281,0,104000,3,34667,1.0,3,3,33.3,0.0,1.0,1.0,1.0,2.0,1.0,1.0,2.0,16
3257,0,3389162,88,38513,1.6,16,48,6.8,37.5,15.0,29.0,14.0,30.0,4.0,35.0,49.0,14
3129,0,318000,5,63600,2.2,2,3,80.0,100.0,1.0,4.0,1.0,1.0,1.0,1.0,4.0,24
3149,0,458400,11,41673,1.2,6,7,18.2,14.3,7.0,1.0,2.0,2.0,1.0,7.0,3.0,12
3155,0,8221040,95,86537,1.7,48,60,16.8,55.0,23.0,14.0,22.0,36.0,9.0,36.0,50.0,14
3180,0,4428900,38,116550,2.7,22,22,21.1,68.2,19.0,4.0,8.0,7.0,2.0,12.0,24.0,24
3181,0,4712600,28,168307,2.3,16,12,17.9,25.0,5.0,18.0,2.0,3.0,1.0,7.0,21.0,24
3184,0,551300,10,55130,2.0,8,8,20.0,62.5,1.0,7.0,3.0,1.0,1.0,5.0,5.0,9
3186,0,20551167,103,199526,1.1,48,58,20.4,31.0,8.0,39.0,43.0,13.0,17.0,48.0,38.0,19
3194,0,46000,1,46000,1.0,1,1,100.0,0.0,1.0,1.0,1.0,1.0,1.0,1.0,1.0,24
3200,0,4488816,66,68012,1.4,40,35,6.1,17.1,14.0,7.0,11.0,34.0,5.0,15.0,46.0,11
3202,0,2021250,25,80850,2.3,14,16,4.0,0.0,9.0,2.0,2.0,12.0,9.0,2.0,14.0,14
3212,0,651700,11,59245,1.6,6,8,18.2,37.5,3.0,2.0,3.0,3.0,1.0,1.0,10.0,24
3229,0,125600,2,62800,2.0,2,1,50.0,100.0,1.0,1.0,1.0,2.0,1.0,2.0,2.0,11
3232,0,35000,1,35000,1.0,1,1,0.0,100.0,1.0,1.0,1.0,1.0,1.0,1.0,1.0,24
3234,0,4932951,63,78301,2.4,35,34,7.9,52.9,18.0,19.0,15.0,11.0,7.0,28.0,28.0,11
3263,0,792250,24,33010,1.7,14,15,4.2,40.0,13.0,5.0,3.0,3.0,5.0,9.0,10.0,14
3099,0,439600,11,39964,1.2,8,7,9.1,57.1,3.0,1.0,4.0,3.0,1.0,4.0,6.0,12
3274,0,474109,12,39509,1.3,7,10,0.0,10.0,4.0,1.0,4.0,3.0,1.0,2.0,10.0,24
3285,0,2331400,21,111019,1.7,15,18,14.3,50.0,4.0,9.0,2.0,6.0,1.0,7.0,13.0,21
3303,0,126000,3,42000,1.7,3,2,66.7,0.0,2.0,1.0,1.0,1.0,1.0,1.0,3.0,24
3319,0,484000,7,69143,1.9,6,7,28.6,28.6,4.0,1.0,2.0,1.0,1.0,1.0,5.0,3
3355,0,875500,13,67346,1.0,7,5,15.4,20.0,1.0,1.0,3.0,10.0,3.0,1.0,9.0,24
3368,0,2225464,40,55637,1.9,22,20,0.0,30.0,22.0,1.0,1.0,18.0,7.0,19.0,14.0,14
3399,0,607600,8,75950,2.2,7,5,25.0,60.0,1.0,1.0,5.0,3.0,1.0,6.0,2.0,24
3400,0,1303900,23,56691,1.2,15,15,21.7,20.0,6.0,4.0,9.0,4.0,3.0,9.0,11.0,24
3408,0,1366400,20,68320,1.1,12,9,25.0,77.8,4.0,9.0,7.0,1.0,2.0,4.0,14.0,24
3417,0,951700,14,67979,2.7,7,6,7.1,16.7,1.0,1.0,5.0,8.0,1.0,13.0,1.0,10
3427,0,1643600,26,63215,2.0,21,17,7.7,17.6,13.0,2.0,3.0,8.0,4.0,16.0,6.0,24
3432,0,2761200,54,51133,1.7,31,28,14.8,17.9,28.0,13.0,13.0,1.0,13.0,11.0,30.0,7
3434,0,2171640,24,90485,2.9,20,9,0.0,22.2,4.0,12.0,8.0,1.0,1.0,15.0,9.0,17
3446,0,295700,9,32856,1.2,9,5,11.1,100.0,3.0,6.0,1.0,1.0,1.0,4.0,5.0,24
3111,0,1397500,9,155278,2.3,7,5,44.4,20.0,1.0,8.0,1.0,1.0,1.0,7.0,1.0,24
3091,0,1531356,17,90080,1.1,11,8,5.9,62.5,1.0,1.0,17.0,1.0,1.0,9.0,8.0,14
4261,0,1851900,43,43067,2.0,24,28,7.0,17.9,10.0,23.0,10.0,1.0,9.0,15.0,19.0,23
2907,0,4572925,25,182917,2.4,19,13,12.0,53.8,8.0,10.0,2.0,5.0,4.0,10.0,11.0,12
2825,0,1975900,15,131727,2.1,13,8,13.3,37.5,2.0,7.0,6.0,1.0,3.0,3.0,9.0,24
2828,0,1054580,12,87882,2.7,9,7,25.0,42.9,3.0,1.0,2.0,7.0,1.0,6.0,5.0,11
2832,0,2755240,34,81036,2.2,19,22,26.5,36.4,11.0,6.0,6.0,11.0,1.0,8.0,26.0,11
2835,0,854550,14,61039,1.3,10,10,7.1,80.0,4.0,8.0,1.0,2.0,1.0,4.0,10.0,12
2846,0,384250,8,48031,1.8,6,6,25.0,66.7,1.0,2.0,6.0,1.0,1.0,2.0,6.0,14
2858,0,1425900,24,59412,1.8,17,13,50.0,38.5,3.0,3.0,12.0,6.0,1.0,12.0,12.0,9
2860,0,3625160,18,201398,2.6,16,6,22.2,16.7,1.0,11.0,7.0,1.0,1.0,7.0,11.0,8
2861,0,5782060,92,62848,1.5,41,45,23.9,44.4,28.0,17.0,23.0,24.0,12.0,27.0,53.0,24
2862,0,2075600,44,47173,1.4,13,21,15.9,4.8,11.0,15.0,14.0,4.0,1.0,4.0,40.0,14
2869,0,187000,2,93500,2.0,2,2,50.0,50.0,1.0,1.0,1.0,2.0,1.0,1.0,2.0,22
2876,0,1699700,21,80938,2.5,13,14,0.0,57.1,2.0,2.0,14.0,3.0,3.0,10.0,8.0,24
2880,0,415000,5,83000,1.6,2,2,20.0,50.0,1.0,1.0,4.0,1.0,1.0,1.0,5.0,24
2898,0,1038487,13,79884,3.3,7,9,61.5,66.7,1.0,7.0,6.0,1.0,1.0,7.0,6.0,24
2899,0,2951308,14,210808,1.9,9,6,21.4,33.3,1.0,6.0,8.0,1.0,3.0,3.0,8.0,14
2913,0,138100,6,23017,1.0,5,5,0.0,40.0,1.0,2.0,1.0,3.0,1.0,2.0,4.0,14
3090,0,608490,18,33805,2.1,13,13,11.1,46.2,5.0,3.0,1.0,10.0,3.0,7.0,8.0,11
2928,0,1242200,18,69011,1.3,17,14,0.0,71.4,8.0,6.0,2.0,2.0,2.0,5.0,11.0,11
2934,0,917100,12,76425,1.8,10,7,25.0,71.4,1.0,5.0,7.0,1.0,1.0,1.0,12.0,21
2945,0,1144100,16,71506,2.0,12,8,6.2,50.0,5.0,11.0,1.0,1.0,1.0,7.0,9.0,23
2950,0,2378340,27,88087,1.9,21,11,11.1,81.8,5.0,1.0,8.0,13.0,1.0,9.0,18.0,12
2959,0,175600,3,58533,2.3,2,3,66.7,33.3,1.0,2.0,1.0,1.0,1.0,1.0,3.0,24
2976,0,510500,12,42542,1.1,9,7,50.0,42.9,3.0,1.0,4.0,4.0,1.0,8.0,4.0,24
2997,0,147700,3,49233,1.7,2,3,0.0,0.0,1.0,1.0,1.0,1.0,1.0,1.0,2.0,12
3001,0,1564300,14,111736,1.9,11,7,35.7,57.1,2.0,2.0,5.0,5.0,1.0,5.0,9.0,24
3007,0,542200,7,77457,1.0,4,4,14.3,25.0,1.0,5.0,2.0,1.0,1.0,1.0,7.0,14
3017,0,3086510,35,88186,1.6,23,17,2.9,23.5,4.0,3.0,13.0,15.0,11.0,1.0,23.0,12
3037,0,7140420,43,166056,2.1,22,23,23.3,43.5,10.0,18.0,6.0,9.0,11.0,13.0,19.0,24
3052,0,275800,9,30644,2.3,6,7,11.1,71.4,1.0,5.0,4.0,1.0,1.0,5.0,3.0,11
3086,0,880000,12,73333,2.8,9,8,25.0,25.0,1.0,10.0,1.0,2.0,2.0,5.0,5.0,19
3089,0,249000,5,49800,1.4,4,4,40.0,0.0,2.0,1.0,1.0,3.0,1.0,3.0,2.0,24
3478,0,944118,14,67437,2.5,12,10,0.0,60.0,4.0,5.0,5.0,1.0,2.0,3.0,9.0,11
3486,0,1332511,21,63453,1.7,12,14,0.0,64.3,3.0,8.0,2.0,8.0,1.0,4.0,17.0,14
3501,0,850900,8,106362,2.6,7,6,0.0,66.7,4.0,3.0,1.0,1.0,1.0,4.0,3.0,24
4110,0,3505700,20,175285,1.4,12,18,10.0,16.7,10.0,3.0,1.0,6.0,6.0,10.0,4.0,21
3962,0,1270000,24,52917,2.0,12,11,16.7,45.5,2.0,5.0,7.0,10.0,1.0,9.0,14.0,12
3987,0,396200,4,99050,2.0,3,4,25.0,25.0,1.0,2.0,1.0,1.0,1.0,1.0,2.0,12
3988,0,668500,7,95500,2.3,7,5,14.3,40.0,1.0,1.0,6.0,1.0,1.0,3.0,4.0,23
3993,0,5340122,84,63573,1.8,42,57,9.5,22.8,23.0,23.0,3.0,35.0,4.0,33.0,47.0,14
3996,0,1726265,37,46656,1.6,20,28,16.2,32.1,25.0,1.0,6.0,6.0,2.0,22.0,13.0,14
4012,0,6263428,60,104390,1.2,36,33,26.7,60.6,22.0,22.0,6.0,10.0,17.0,2.0,41.0,11
4020,0,1740100,12,145008,2.3,12,8,8.3,87.5,6.0,6.0,1.0,1.0,1.0,7.0,4.0,12
4032,0,2487619,46,54079,1.3,22,26,13.0,88.5,15.0,3.0,14.0,14.0,4.0,6.0,36.0,14
4044,0,178268,4,44567,1.5,4,4,25.0,25.0,3.0,1.0,1.0,1.0,1.0,1.0,3.0,15
4059,0,343200,4,85800,1.5,4,4,0.0,50.0,1.0,1.0,1.0,2.0,1.0,1.0,4.0,21
4062,0,2924800,29,100855,2.5,18,12,34.5,16.7,11.0,4.0,7.0,7.0,6.0,1.0,23.0,24
4066,0,122000,2,61000,2.0,2,2,50.0,100.0,1.0,1.0,1.0,1.0,1.0,1.0,2.0,19
4094,0,3547200,86,41247,1.9,42,62,5.8,43.5,22.0,13.0,20.0,31.0,13.0,27.0,46.0,19
4101,0,4308231,32,134632,2.4,21,10,3.1,60.0,3.0,5.0,9.0,15.0,1.0,19.0,13.0,12
4111,0,762100,16,47631,1.6,10,13,50.0,30.8,5.0,5.0,3.0,3.0,1.0,12.0,4.0,24
3516,0,795030,14,56788,1.1,9,12,0.0,33.3,3.0,2.0,1.0,8.0,2.0,9.0,3.0,14
4112,0,1063683,17,62570,1.8,12,13,29.4,23.1,5.0,1.0,2.0,9.0,3.0,2.0,12.0,24
4116,0,272620,7,38946,1.6,4,6,14.3,0.0,1.0,3.0,4.0,1.0,1.0,6.0,1.0,14
4118,0,657050,22,29866,1.1,12,21,18.2,52.4,8.0,5.0,3.0,6.0,3.0,14.0,5.0,14
4124,0,3129090,33,94821,1.9,26,21,15.2,66.7,7.0,7.0,8.0,11.0,3.0,10.0,20.0,24
4128,0,2136620,24,89026,1.8,18,15,20.8,66.7,7.0,6.0,8.0,3.0,3.0,2.0,19.0,24
4144,0,799500,8,99938,2.4,7,6,25.0,83.3,6.0,1.0,1.0,1.0,1.0,1.0,7.0,24
4152,0,186300,2,93150,1.0,2,2,50.0,50.0,1.0,2.0,1.0,1.0,1.0,1.0,1.0,3
4162,0,1452300,23,63143,2.2,18,16,4.3,37.5,11.0,8.0,1.0,3.0,2.0,8.0,13.0,11
4168,0,3100200,47,65962,2.3,37,32,8.5,18.8,10.0,6.0,12.0,19.0,5.0,31.0,11.0,12
4172,0,293600,4,73400,1.5,4,4,25.0,25.0,1.0,1.0,3.0,1.0,1.0,3.0,1.0,12
4224,0,1811300,48,37735,2.1,26,34,6.2,32.4,13.0,13.0,16.0,6.0,5.0,11.0,32.0,11
4226,0,3397600,28,121343,3.1,18,22,28.6,36.4,9.0,5.0,5.0,9.0,1.0,18.0,10.0,24
4227,0,1145200,6,190867,2.5,5,5,0.0,40.0,3.0,1.0,1.0,2.0,1.0,3.0,3.0,19
4238,0,1242750,22,56489,2.1,6,16,0.0,81.2,9.0,5.0,7.0,1.0,1.0,14.0,8.0,24
3946,0,1120500,12,93375,2.3,10,7,16.7,71.4,4.0,3.0,2.0,3.0,2.0,1.0,10.0,22
3936,0,908200,20,45410,1.4,17,18,25.0,5.6,1.0,12.0,4.0,3.0,3.0,9.0,8.0,12
3929,0,722500,11,65682,2.5,10,6,9.1,66.7,2.0,1.0,8.0,1.0,1.0,3.0,8.0,17
3913,0,1922920,27,71219,2.1,17,11,7.4,81.8,8.0,1.0,13.0,5.0,2.0,9.0,16.0,12
3541,0,1309550,49,26726,1.5,25,32,20.4,12.5,19.0,10.0,20.0,1.0,12.0,12.0,25.0,22
3546,0,2276340,46,49486,1.8,23,25,26.1,56.0,14.0,9.0,10.0,13.0,2.0,22.0,22.0,24
3570,0,632490,11,57499,1.9,6,7,36.4,57.1,4.0,4.0,3.0,1.0,2.0,5.0,4.0,14
3584,0,960800,8,120100,3.2,8,6,0.0,33.3,2.0,1.0,6.0,1.0,1.0,5.0,3.0,12
3589,0,159000,5,31800,1.0,3,4,0.0,50.0,1.0,4.0,1.0,1.0,1.0,1.0,4.0,24
3595,0,3366200,46,73178,2.8,26,24,0.0,33.3,4.0,27.0,15.0,1.0,3.0,22.0,21.0,12
3604,0,3069720,30,102324,2.7,26,17,13.3,64.7,4.0,5.0,5.0,16.0,3.0,10.0,17.0,19
3613,0,3921500,16,245094,5.3,14,9,31.2,33.3,1.0,6.0,10.0,1.0,3.0,5.0,8.0,8
3620,0,1962800,16,122675,2.0,14,8,6.2,12.5,9.0,1.0,1.0,7.0,1.0,9.0,7.0,19
3626,0,8030650,73,110009,2.1,31,51,6.8,39.2,34.0,16.0,18.0,5.0,5.0,50.0,18.0,11
3688,0,81000,2,40500,1.0,2,2,50.0,50.0,1.0,1.0,1.0,1.0,1.0,1.0,1.0,19
3689,0,556800,12,46400,1.2,12,10,0.0,50.0,1.0,4.0,2.0,5.0,2.0,3.0,7.0,22
3695,0,436760,15,29117,1.3,12,9,20.0,44.4,1.0,12.0,2.0,1.0,2.0,3.0,10.0,7
3704,0,765100,10,76510,1.8,8,8,40.0,37.5,4.0,5.0,1.0,1.0,1.0,5.0,4.0,24
3729,0,3953800,67,59012,1.8,40,45,25.4,60.0,21.0,8.0,19.0,19.0,4.0,18.0,45.0,11
3736,0,1110200,19,58432,1.6,17,15,0.0,13.3,4.0,4.0,10.0,1.0,1.0,18.0,1.0,23
3738,0,3350860,44,76156,2.0,34,30,15.9,16.7,10.0,11.0,15.0,8.0,16.0,14.0,14.0,12
3751,0,471380,16,29461,1.2,8,11,12.5,18.2,1.0,9.0,7.0,1.0,2.0,6.0,8.0,24
3756,0,377200,5,75440,1.4,5,3,20.0,0.0,1.0,3.0,1.0,1.0,1.0,3.0,1.0,13
3814,0,1166500,19,61395,1.7,11,10,10.5,40.0,1.0,11.0,6.0,1.0,1.0,6.0,12.0,14
3819,0,146300,3,48767,1.7,3,3,66.7,66.7,1.0,1.0,1.0,2.0,1.0,1.0,3.0,24
3822,0,3421370,38,90036,1.7,24,23,23.7,39.1,5.0,15.0,15.0,3.0,11.0,9.0,18.0,24
3823,0,1633000,8,204125,2.5,5,4,12.5,0.0,7.0,1.0,1.0,1.0,1.0,1.0,7.0,20
3828,0,7378700,72,102482,2.1,38,36,40.3,27.8,28.0,4.0,18.0,22.0,16.0,21.0,35.0,19
3843,0,356500,7,50929,1.9,6,3,14.3,33.3,1.0,7.0,1.0,1.0,1.0,6.0,1.0,9
3846,0,882200,16,55138,1.7,12,10,12.5,50.0,3.0,4.0,8.0,1.0,1.0,5.0,11.0,17
3887,0,428700,12,35725,1.5,7,6,16.7,16.7,2.0,4.0,3.0,3.0,1.0,3.0,9.0,14
3892,0,955920,7,136560,2.1,7,4,0.0,75.0,1.0,3.0,3.0,1.0,1.0,2.0,5.0,7
3909,0,5660992,56,101089,1.5,24,36,3.6,47.2,7.0,17.0,25.0,7.0,5.0,39.0,12.0,14
12409,0,2416900,18,134272,2.0,15,8,11.1,50.0,5.0,8.0,3.0,2.0,2.0,7.0,9.0,7
12426,0,307000,3,102333,1.7,3,2,33.3,100.0,1.0,1.0,1.0,3.0,1.0,1.0,3.0,3
28754,0,1044735,38,27493,1.2,10,27,0.0,40.7,8.0,8.0,18.0,4.0,3.0,14.0,21.0,14
23103,0,1258440,17,74026,2.1,9,7,5.9,14.3,9.0,3.0,4.0,1.0,1.0,1.0,15.0,10
22784,0,1338400,16,83650,1.6,12,10,43.8,10.0,3.0,1.0,5.0,8.0,2.0,9.0,5.0,8
22785,0,1562060,19,82214,1.9,11,10,21.1,50.0,2.0,4.0,13.0,1.0,8.0,2.0,9.0,24
22856,0,363000,6,60500,2.7,4,4,50.0,50.0,1.0,1.0,5.0,1.0,1.0,3.0,2.0,8
22868,0,2728882,21,129947,2.2,13,11,47.6,36.4,3.0,11.0,7.0,1.0,4.0,6.0,11.0,24
22873,0,210000,2,105000,3.0,2,2,0.0,50.0,1.0,1.0,1.0,1.0,1.0,1.0,2.0,23
22889,0,1191348,48,24820,1.2,17,22,8.3,77.3,16.0,12.0,10.0,10.0,10.0,13.0,25.0,14
22907,0,1535000,10,153500,2.2,7,5,40.0,20.0,4.0,1.0,1.0,5.0,1.0,4.0,6.0,24
22925,0,740000,9,82222,1.0,6,6,44.4,66.7,2.0,6.0,1.0,1.0,1.0,2.0,7.0,24
22961,0,818861,17,48168,1.7,7,9,11.8,11.1,1.0,8.0,7.0,1.0,4.0,5.0,8.0,14
22967,0,368900,6,61483,1.0,6,2,33.3,50.0,3.0,1.0,1.0,3.0,1.0,1.0,6.0,24
22982,0,13205411,117,112867,1.6,75,55,5.1,27.3,40.0,17.0,39.0,21.0,47.0,22.0,48.0,13
22997,0,1202524,12,100210,1.8,8,5,8.3,0.0,2.0,5.0,3.0,2.0,10.0,1.0,2.0,24
22999,0,2379879,45,52886,1.7,32,29,8.9,65.5,13.0,11.0,7.0,14.0,9.0,16.0,20.0,14
23076,0,1671196,16,104450,1.9,11,11,18.8,18.2,6.0,1.0,4.0,5.0,2.0,1.0,14.0,15
23115,0,2005720,38,52782,1.7,26,16,7.9,12.5,6.0,7.0,15.0,10.0,11.0,1.0,27.0,12
22743,0,543000,8,67875,2.5,6,6,0.0,33.3,1.0,3.0,2.0,2.0,1.0,6.0,2.0,14
23155,0,1867750,31,60250,1.7,14,15,9.7,0.0,9.0,10.0,8.0,4.0,6.0,10.0,15.0,14
23158,0,1049298,10,104930,2.9,8,7,20.0,14.3,1.0,7.0,3.0,1.0,1.0,4.0,5.0,14
23159,0,2532069,13,194775,2.3,10,5,38.5,0.0,1.0,1.0,13.0,1.0,7.0,2.0,4.0,11
23182,0,1308960,26,50345,1.0,13,17,11.5,11.8,7.0,2.0,13.0,4.0,15.0,1.0,10.0,14
23191,0,35000,1,35000,1.0,1,1,100.0,0.0,1.0,1.0,1.0,1.0,1.0,1.0,1.0,24
23193,0,74000,1,74000,3.0,1,1,100.0,100.0,1.0,1.0,1.0,1.0,1.0,1.0,2.0,24
23199,0,2567692,38,67571,1.5,14,27,7.9,33.3,3.0,3.0,14.0,18.0,6.0,10.0,22.0,14
23208,0,2964000,10,296400,1.2,10,5,30.0,20.0,1.0,1.0,7.0,2.0,1.0,1.0,9.0,8
23209,0,1948215,20,97411,1.3,17,18,20.0,38.9,2.0,7.0,10.0,1.0,7.0,1.0,13.0,6
23225,0,2020344,25,80814,1.7,22,14,24.0,14.3,5.0,2.0,10.0,8.0,4.0,1.0,20.0,17
23226,0,3134556,22,142480,1.5,16,8,27.3,25.0,1.0,1.0,1.0,22.0,10.0,5.0,7.0,13
23232,0,31224923,133,234774,2.5,57,43,11.3,20.9,24.0,22.0,55.0,32.0,2.0,19.0,112.0,19
23235,0,3145912,42,74903,1.7,31,11,7.1,18.2,17.0,3.0,19.0,3.0,1.0,2.0,40.0,13
23243,0,135000,1,135000,3.0,1,1,100.0,0.0,1.0,1.0,1.0,1.0,1.0,1.0,2.0,24
22775,0,873074,15,58205,1.9,11,10,6.7,20.0,7.0,4.0,3.0,1.0,1.0,4.0,11.0,0
22702,0,131976,3,43992,1.0,3,2,33.3,50.0,2.0,1.0,1.0,1.0,1.0,1.0,1.0,7
23263,0,1972550,36,54793,1.7,21,25,13.9,24.0,14.0,8.0,6.0,8.0,16.0,6.0,14.0,24
22420,0,13384135,160,83651,1.0,65,66,23.8,22.7,48.0,41.0,51.0,20.0,57.0,16.0,87.0,13
22174,0,1485750,24,61906,1.3,16,11,16.7,54.5,10.0,1.0,6.0,7.0,3.0,1.0,21.0,17
22182,0,1145000,6,190833,3.0,5,3,33.3,66.7,1.0,5.0,1.0,1.0,1.0,1.0,5.0,24
22202,0,3039592,59,51519,2.0,28,18,15.3,44.4,5.0,16.0,7.0,31.0,34.0,1.0,24.0,14
22216,0,437785,9,48643,1.2,5,7,22.2,28.6,3.0,1.0,4.0,1.0,2.0,1.0,6.0,14
22292,0,2434114,53,45927,1.0,30,21,13.2,33.3,11.0,8.0,18.0,16.0,18.0,1.0,34.0,13
22302,0,2620449,68,38536,1.6,33,27,5.9,3.7,7.0,32.0,13.0,16.0,14.0,9.0,45.0,14
22336,0,5780200,129,44808,1.7,72,99,7.8,39.4,31.0,44.0,36.0,18.0,3.0,106.0,20.0,9
22343,0,600000,3,200000,2.3,3,1,33.3,0.0,1.0,3.0,1.0,1.0,1.0,1.0,2.0,22
22356,0,14248570,124,114908,1.8,50,70,12.9,47.1,25.0,40.0,33.0,26.0,50.0,55.0,19.0,11
22363,0,2424049,34,71296,2.2,21,8,2.9,37.5,5.0,18.0,6.0,5.0,1.0,1.0,33.0,9
22389,0,422400,5,84480,1.8,5,1,20.0,100.0,5.0,1.0,1.0,1.0,1.0,1.0,5.0,13
22395,0,1691174,24,70466,2.0,19,10,4.2,50.0,6.0,1.0,4.0,14.0,2.0,9.0,13.0,11
22412,0,1516372,29,52289,1.0,23,14,17.2,28.6,2.0,7.0,6.0,14.0,6.0,4.0,19.0,13
22418,0,2822500,47,60053,1.9,28,24,6.4,12.5,9.0,11.0,19.0,8.0,1.0,1.0,47.0,21
22430,0,1632763,35,46650,1.5,18,25,2.9,36.0,14.0,5.0,3.0,13.0,2.0,16.0,17.0,14
22694,0,219400,4,54850,1.0,3,3,0.0,33.3,2.0,1.0,2.0,1.0,1.0,2.0,2.0,24
22431,0,3526600,22,160300,3.1,21,13,4.5,7.7,5.0,6.0,8.0,3.0,15.0,1.0,7.0,10
22466,0,197000,1,197000,6.0,1,1,0.0,100.0,1.0,1.0,1.0,1.0,1.0,1.0,1.0,24
22494,0,2462850,27,91217,2.4,18,14,22.2,85.7,4.0,9.0,7.0,7.0,1.0,7.0,20.0,24
22496,0,1233290,13,94868,2.2,11,9,0.0,44.4,1.0,4.0,4.0,5.0,3.0,3.0,7.0,24
22509,0,5324193,94,56640,1.0,42,58,10.6,10.3,35.0,24.0,23.0,12.0,46.0,2.0,46.0,14
22515,0,1442200,4,360550,2.0,4,4,50.0,25.0,1.0,3.0,1.0,1.0,1.0,2.0,2.0,8
22575,0,50000,3,16667,1.7,2,2,33.3,100.0,2.0,1.0,1.0,1.0,1.0,1.0,3.0,13
22619,0,389210,14,27801,1.1,13,7,0.0,14.3,1.0,4.0,4.0,6.0,2.0,1.0,12.0,6
22638,0,4533800,21,215895,3.4,10,11,52.4,27.3,8.0,1.0,1.0,12.0,10.0,1.0,10.0,8
22661,0,1751926,17,103054,1.1,12,13,0.0,15.4,4.0,5.0,5.0,3.0,3.0,2.0,12.0,14
22662,0,8201070,87,94265,1.3,31,38,18.4,81.6,25.0,21.0,19.0,22.0,2.0,32.0,53.0,14
22666,0,640000,3,213333,4.3,2,2,66.7,50.0,1.0,1.0,2.0,1.0,1.0,1.0,2.0,24
22667,0,3660620,35,104589,1.1,27,25,0.0,64.0,4.0,8.0,10.0,13.0,1.0,13.0,22.0,11
22683,0,299170,9,33241,1.4,8,5,22.2,20.0,1.0,5.0,1.0,3.0,1.0,3.0,6.0,13
23251,0,4031600,23,175287,2.5,14,13,13.0,38.5,6.0,5.0,11.0,1.0,11.0,1.0,12.0,13
23273,0,54000,2,27000,1.0,2,2,50.0,50.0,1.0,1.0,1.0,2.0,1.0,1.0,1.0,13
22124,0,2727798,30,90927,2.8,18,16,13.3,62.5,6.0,7.0,13.0,4.0,3.0,10.0,17.0,14
24008,0,4178260,44,94960,2.5,22,23,0.0,47.8,14.0,9.0,17.0,4.0,1.0,1.0,44.0,13
23819,0,1680320,16,105020,1.5,13,8,6.2,75.0,9.0,2.0,1.0,4.0,7.0,1.0,8.0,13
23821,0,234500,4,58625,1.0,4,4,25.0,50.0,1.0,3.0,1.0,1.0,1.0,2.0,2.0,24
23835,0,3916648,32,122395,3.2,24,13,6.2,61.5,3.0,6.0,16.0,7.0,1.0,22.0,9.0,6
23873,0,1247970,31,40257,2.2,16,18,19.4,16.7,12.0,3.0,8.0,8.0,9.0,2.0,20.0,24
23899,0,838757,22,38125,1.4,14,18,13.6,16.7,3.0,8.0,6.0,5.0,7.0,6.0,9.0,9
23903,0,17284742,267,64737,2.5,47,105,6.4,25.7,50.0,45.0,99.0,73.0,18.0,118.0,131.0,11
23925,0,928460,37,25094,1.1,20,18,2.7,27.8,2.0,1.0,25.0,10.0,1.0,10.0,27.0,9
23926,0,4241306,49,86557,1.2,15,31,8.2,41.9,8.0,11.0,9.0,21.0,22.0,1.0,27.0,14
23931,0,1429948,9,158883,3.3,7,5,22.2,20.0,1.0,1.0,9.0,1.0,5.0,1.0,4.0,13
23958,0,2147165,65,33033,1.6,29,33,12.3,30.3,13.0,23.0,20.0,9.0,22.0,2.0,41.0,14
23970,0,771700,15,51447,1.5,11,7,20.0,28.6,1.0,3.0,1.0,11.0,11.0,1.0,4.0,2
23981,0,5057900,50,101158,2.0,28,25,20.0,60.0,1.0,11.0,18.0,20.0,20.0,7.0,23.0,19
23993,0,2265937,27,83924,1.5,8,15,11.1,93.3,3.0,19.0,4.0,1.0,1.0,2.0,24.0,14
23998,0,3963033,50,79261,1.9,32,20,14.0,65.0,7.0,21.0,1.0,21.0,2.0,13.0,35.0,24
24013,0,819357,20,40968,1.5,9,17,5.0,17.6,3.0,3.0,2.0,12.0,2.0,5.0,13.0,14
23810,0,264700,8,33088,1.5,8,5,12.5,60.0,1.0,1.0,6.0,1.0,1.0,5.0,3.0,7
24060,0,342000,6,57000,2.0,6,3,0.0,66.7,1.0,2.0,4.0,1.0,1.0,1.0,5.0,13
24061,0,5569070,60,92818,2.4,26,29,0.0,44.8,10.0,18.0,20.0,12.0,7.0,4.0,49.0,24
24063,0,9221998,50,184440,2.0,32,26,10.0,26.9,13.0,15.0,10.0,12.0,1.0,15.0,34.0,11
24072,0,4852300,44,110280,1.5,34,15,11.4,86.7,7.0,17.0,12.0,8.0,3.0,4.0,37.0,13
24100,0,304716,7,43531,1.6,5,5,14.3,20.0,3.0,1.0,1.0,4.0,1.0,1.0,5.0,14
24109,0,2902050,20,145102,2.1,15,12,10.0,25.0,4.0,3.0,7.0,6.0,2.0,8.0,10.0,24
24110,0,1403150,30,46772,1.0,18,17,6.7,88.2,2.0,1.0,7.0,20.0,9.0,9.0,12.0,11
24153,0,3618697,41,88261,1.3,24,19,4.9,47.4,18.0,1.0,11.0,12.0,1.0,11.0,30.0,21
24157,0,789200,8,98650,3.1,6,7,12.5,42.9,2.0,1.0,5.0,1.0,4.0,1.0,3.0,22
24160,0,239000,1,239000,5.0,1,1,100.0,0.0,1.0,1.0,1.0,1.0,1.0,1.0,2.0,24
24168,0,4295590,37,116097,1.6,27,21,5.4,47.6,6.0,15.0,4.0,12.0,10.0,8.0,19.0,9
24171,0,618341,16,38646,1.2,12,12,6.2,25.0,4.0,5.0,5.0,2.0,1.0,2.0,13.0,13
24180,0,4103994,39,105231,1.9,22,23,12.8,17.4,18.0,4.0,12.0,5.0,8.0,10.0,21.0,22
24190,0,539000,11,49000,1.7,10,7,0.0,14.3,4.0,1.0,4.0,2.0,5.0,1.0,6.0,13
23815,0,446917,22,20314,1.1,5,20,0.0,5.0,8.0,1.0,3.0,10.0,1.0,22.0,2.0,14
23774,0,4766802,53,89940,2.7,35,28,11.3,7.1,9.0,11.0,16.0,17.0,13.0,1.0,39.0,13
23298,0,355000,7,50714,1.6,4,3,85.7,33.3,1.0,1.0,2.0,5.0,1.0,1.0,7.0,24
23538,0,439000,8,54875,2.2,3,5,62.5,40.0,3.0,3.0,1.0,1.0,3.0,1.0,5.0,24
23304,0,14327112,29,494038,2.0,15,13,44.8,30.8,15.0,5.0,5.0,4.0,6.0,2.0,21.0,14
23318,0,1079700,12,89975,1.8,10,6,16.7,50.0,9.0,2.0,1.0,1.0,1.0,1.0,11.0,3
23340,0,267813,6,44636,1.3,4,4,0.0,25.0,1.0,1.0,5.0,1.0,1.0,2.0,4.0,14
23345,0,1358800,9,150978,1.2,9,7,22.2,85.7,6.0,1.0,1.0,2.0,1.0,2.0,7.0,12
23368,0,1919071,45,42646,1.7,22,31,4.4,22.6,8.0,16.0,11.0,10.0,22.0,1.0,23.0,13
23378,0,798200,21,38010,2.1,11,14,19.0,28.6,5.0,1.0,10.0,6.0,1.0,8.0,13.0,22
23380,0,2266300,35,64751,2.3,23,20,5.7,45.0,3.0,11.0,19.0,2.0,9.0,3.0,23.0,13
23385,0,606900,13,46685,1.0,8,9,15.4,55.6,3.0,2.0,1.0,8.0,1.0,3.0,10.0,3
23403,0,5448569,107,50921,2.0,57,47,5.6,31.9,28.0,16.0,25.0,38.0,3.0,43.0,61.0,13
23436,0,2961106,27,109671,2.0,15,16,11.1,25.0,5.0,11.0,8.0,3.0,7.0,1.0,20.0,14
23468,0,2748240,26,105702,2.0,16,9,15.4,11.1,1.0,1.0,18.0,8.0,10.0,1.0,16.0,11
23478,0,933533,9,103726,1.9,7,8,22.2,50.0,3.0,1.0,1.0,5.0,1.0,3.0,6.0,23
23488,0,806700,9,89633,1.0,7,6,11.1,66.7,1.0,7.0,1.0,2.0,4.0,1.0,5.0,10
23535,0,3296406,47,70136,1.2,26,33,2.1,6.1,7.0,9.0,16.0,15.0,5.0,19.0,23.0,24
23544,0,254000,5,50800,1.8,4,4,60.0,0.0,4.0,1.0,1.0,1.0,1.0,5.0,2.0,9
23767,0,1736869,33,52632,1.8,19,13,0.0,15.4,14.0,13.0,1.0,6.0,2.0,14.0,17.0,24
23554,0,92000,3,30667,1.0,3,1,0.0,0.0,1.0,1.0,3.0,1.0,1.0,1.0,3.0,24
23571,0,1119500,17,65853,2.2,12,7,5.9,14.3,1.0,1.0,2.0,15.0,7.0,1.0,10.0,9
23577,0,459162,9,51018,1.9,5,5,33.3,60.0,1.0,1.0,7.0,2.0,1.0,1.0,8.0,14
23620,0,2240000,9,248889,3.0,9,5,33.3,60.0,1.0,5.0,3.0,1.0,7.0,1.0,1.0,21
23629,0,1786040,26,68694,2.3,18,11,26.9,45.5,13.0,1.0,7.0,5.0,15.0,4.0,7.0,13
23641,0,1017815,28,36351,1.9,8,25,10.7,36.0,7.0,6.0,5.0,10.0,3.0,13.0,12.0,14
23648,0,2754269,37,74440,1.5,18,21,10.8,38.1,9.0,3.0,7.0,18.0,12.0,6.0,19.0,14
23664,0,1204172,10,120417,3.2,7,9,0.0,55.6,3.0,4.0,1.0,3.0,1.0,5.0,4.0,24
23673,0,9337762,87,107331,2.0,46,34,6.9,44.1,10.0,35.0,32.0,10.0,9.0,26.0,52.0,14
23701,0,1791000,12,149250,2.2,9,6,16.7,50.0,2.0,3.0,7.0,1.0,5.0,1.0,7.0,3
23703,0,5016320,72,69671,1.8,37,39,15.3,30.8,27.0,14.0,22.0,9.0,13.0,5.0,54.0,11
23705,0,6114379,18,339688,1.0,12,10,55.6,30.0,1.0,14.0,3.0,1.0,1.0,2.0,16.0,24
23720,0,112000,3,37333,1.7,3,1,33.3,100.0,1.0,1.0,3.0,1.0,1.0,3.0,2.0,24
23732,0,119000,3,39667,1.0,2,3,66.7,0.0,2.0,1.0,1.0,1.0,1.0,1.0,1.0,24
22173,0,739850,18,41103,1.6,15,9,11.1,0.0,1.0,1.0,17.0,1.0,7.0,1.0,11.0,13
22113,0,4594153,55,83530,2.2,31,31,9.1,32.3,14.0,15.0,16.0,10.0,4.0,25.0,26.0,24
12458,0,1751140,34,51504,1.6,15,24,0.0,4.2,1.0,20.0,13.0,1.0,8.0,21.0,5.0,14
20491,0,2531300,33,76706,2.3,23,13,6.1,46.2,10.0,7.0,8.0,8.0,1.0,23.0,10.0,24
20324,0,430000,1,430000,1.0,1,1,0.0,0.0,1.0,1.0,1.0,1.0,1.0,1.0,1.0,24
20325,0,5546658,62,89462,1.6,41,31,11.3,67.7,16.0,17.0,22.0,7.0,18.0,2.0,42.0,13
20329,0,439500,11,39955,1.0,10,7,18.2,57.1,3.0,1.0,5.0,3.0,1.0,2.0,9.0,12
20338,0,6404786,98,65355,1.0,54,50,6.1,36.0,21.0,21.0,22.0,34.0,6.0,39.0,53.0,24
20349,0,2241101,29,77279,3.1,17,12,6.9,8.3,21.0,8.0,1.0,1.0,4.0,12.0,13.0,14
20365,0,1300300,13,100023,1.5,11,8,23.1,37.5,6.0,2.0,1.0,5.0,1.0,2.0,11.0,23
20368,0,6778193,68,99679,3.2,39,36,8.8,41.7,11.0,28.0,19.0,10.0,9.0,3.0,56.0,13
20376,0,10643340,80,133042,2.3,62,37,8.8,43.2,10.0,30.0,23.0,17.0,3.0,25.0,52.0,7
20387,0,1222109,21,58196,2.0,14,16,14.3,43.8,3.0,2.0,12.0,4.0,3.0,9.0,9.0,24
20428,0,2948070,33,89335,2.2,25,21,18.2,38.1,7.0,10.0,8.0,8.0,4.0,1.0,28.0,24
20454,0,4667551,51,91521,2.1,32,29,23.5,41.4,13.0,6.0,9.0,23.0,9.0,10.0,32.0,24
20470,0,23467701,151,155415,1.1,60,46,34.4,21.7,44.0,41.0,48.0,18.0,75.0,1.0,75.0,13
20473,0,814000,3,271333,3.0,2,2,0.0,0.0,1.0,1.0,3.0,1.0,1.0,1.0,3.0,24
20479,0,390400,6,65067,2.0,5,5,50.0,80.0,1.0,1.0,2.0,3.0,1.0,1.0,4.0,24
20509,0,11416568,151,75606,2.1,75,44,13.9,27.3,41.0,63.0,26.0,21.0,32.0,51.0,68.0,12
20316,0,285500,5,57100,1.8,4,4,20.0,0.0,3.0,1.0,1.0,1.0,1.0,1.0,5.0,7
20595,0,317680,9,35298,1.0,9,7,11.1,0.0,4.0,1.0,3.0,2.0,2.0,3.0,4.0,13
20596,0,751600,10,75160,1.4,9,10,10.0,40.0,3.0,1.0,2.0,4.0,4.0,1.0,5.0,13
20614,0,242612,5,48522,1.0,5,5,0.0,20.0,2.0,1.0,1.0,1.0,4.0,1.0,1.0,13
20623,0,525000,4,131250,3.0,3,2,0.0,0.0,4.0,1.0,1.0,1.0,4.0,1.0,2.0,24
20643,0,922900,14,65921,1.4,13,6,7.1,0.0,4.0,1.0,7.0,3.0,1.0,3.0,11.0,13
20663,0,529400,11,48127,1.2,10,8,9.1,25.0,2.0,1.0,6.0,3.0,1.0,2.0,9.0,13
20695,0,1918568,20,95928,1.5,13,12,15.0,25.0,2.0,1.0,14.0,4.0,9.0,5.0,6.0,10
20745,0,980820,10,98082,2.0,7,4,20.0,75.0,5.0,1.0,4.0,1.0,5.0,1.0,5.0,13
20749,0,1240800,10,124080,1.8,10,7,10.0,71.4,1.0,2.0,4.0,3.0,1.0,2.0,7.0,16
20753,0,1661300,11,151027,3.4,9,5,27.3,20.0,1.0,3.0,4.0,4.0,7.0,2.0,2.0,9
20773,0,1763058,33,53426,3.5,22,24,12.1,58.3,6.0,7.0,5.0,15.0,6.0,11.0,16.0,11
20824,0,52270,5,10454,1.8,3,3,60.0,33.3,1.0,1.0,3.0,2.0,2.0,1.0,3.0,24
20827,0,240400,6,40067,1.3,6,4,0.0,0.0,1.0,1.0,1.0,6.0,3.0,2.0,1.0,24
20834,0,618020,11,56184,1.0,11,7,9.1,57.1,1.0,1.0,1.0,10.0,1.0,1.0,11.0,2
20322,0,906020,7,129431,2.4,6,3,0.0,0.0,1.0,3.0,3.0,1.0,1.0,2.0,5.0,14
20309,0,778800,17,45812,1.5,15,10,0.0,50.0,5.0,5.0,7.0,1.0,1.0,2.0,15.0,9
20846,0,2705000,12,225417,2.7,7,8,16.7,50.0,5.0,1.0,1.0,6.0,1.0,5.0,7.0,18
20029,0,1601500,8,200188,3.1,6,4,0.0,75.0,1.0,1.0,8.0,1.0,4.0,1.0,3.0,24
19836,0,2107151,33,63853,1.7,11,25,3.0,48.0,11.0,7.0,7.0,8.0,9.0,1.0,23.0,24
19856,0,2218738,29,76508,2.1,17,13,13.8,30.8,3.0,9.0,3.0,14.0,1.0,6.0,23.0,14
19861,0,2003515,47,42628,2.0,18,18,8.5,44.4,24.0,4.0,7.0,12.0,10.0,9.0,28.0,14
19907,0,476000,10,47600,2.6,5,5,10.0,100.0,1.0,1.0,1.0,10.0,1.0,1.0,10.0,11
19929,0,-81754,6,-13626,3.2,5,4,16.7,75.0,1.0,1.0,3.0,3.0,1.0,3.0,2.0,21
19933,0,1443100,17,84888,2.1,12,9,23.5,77.8,1.0,12.0,2.0,2.0,1.0,6.0,11.0,9
19935,0,6736350,14,481168,1.6,11,6,21.4,100.0,8.0,3.0,1.0,3.0,1.0,13.0,1.0,24
19939,0,6334634,49,129278,3.1,29,22,16.3,45.5,18.0,6.0,14.0,11.0,13.0,15.0,21.0,19
19978,0,691800,13,53215,2.3,11,7,15.4,100.0,3.0,3.0,2.0,5.0,1.0,4.0,9.0,13
19982,0,179200,5,35840,2.0,2,2,0.0,50.0,1.0,4.0,1.0,1.0,1.0,4.0,1.0,10
20007,0,1452100,24,60504,1.5,18,16,4.2,31.2,2.0,3.0,4.0,15.0,1.0,7.0,16.0,13
20011,0,8640041,103,83884,1.9,52,68,6.8,35.3,26.0,14.0,41.0,22.0,45.0,14.0,44.0,14
20012,0,5223240,19,274907,1.0,11,7,10.5,0.0,3.0,1.0,7.0,9.0,1.0,1.0,19.0,24
20024,0,7827550,48,163074,4.1,27,15,25.0,40.0,35.0,3.0,9.0,1.0,3.0,11.0,34.0,24
20085,0,502500,11,45682,1.2,11,9,18.2,55.6,4.0,1.0,2.0,4.0,2.0,1.0,8.0,9
20303,0,2002807,28,71529,2.2,23,11,10.7,27.3,14.0,6.0,6.0,2.0,17.0,1.0,10.0,6
20094,0,35000,1,35000,1.0,1,1,100.0,0.0,1.0,1.0,1.0,1.0,1.0,1.0,2.0,24
20095,0,20638691,166,124329,1.8,62,65,13.3,29.2,43.0,59.0,36.0,28.0,9.0,25.0,132.0,13
20097,0,586600,12,48883,1.8,8,5,41.7,0.0,1.0,5.0,6.0,1.0,1.0,1.0,10.0,24
20117,0,11755663,127,92564,2.1,69,62,7.1,29.0,38.0,30.0,32.0,27.0,18.0,36.0,73.0,3
20144,0,1480825,35,42309,1.5,16,27,8.6,18.5,11.0,9.0,5.0,10.0,1.0,1.0,34.0,14
20152,0,1699128,41,41442,1.7,20,28,4.9,64.3,3.0,10.0,10.0,18.0,3.0,12.0,26.0,14
20178,0,247800,3,82600,1.0,3,3,33.3,100.0,1.0,1.0,2.0,1.0,1.0,2.0,2.0,24
20209,0,3152512,60,52542,1.1,31,45,18.3,46.7,21.0,15.0,5.0,19.0,11.0,32.0,17.0,13
20212,0,489000,12,40750,2.3,7,7,8.3,42.9,3.0,1.0,5.0,4.0,2.0,9.0,1.0,19
20221,0,1166128,40,29153,1.6,15,25,2.5,60.0,19.0,6.0,9.0,6.0,6.0,7.0,27.0,14
20231,0,101000,3,33667,1.0,3,3,0.0,33.3,1.0,1.0,1.0,2.0,1.0,1.0,3.0,13
20238,0,3194700,21,152129,2.1,15,8,9.5,62.5,7.0,3.0,4.0,7.0,5.0,4.0,12.0,21
20270,0,1743640,29,60126,1.9,16,20,13.8,20.0,8.0,2.0,2.0,17.0,21.0,2.0,6.0,10
20281,0,1184300,8,148038,2.0,7,8,12.5,25.0,1.0,1.0,8.0,1.0,1.0,3.0,5.0,7
20842,0,464063,8,58008,2.5,5,5,25.0,40.0,1.0,2.0,6.0,1.0,4.0,1.0,4.0,14
20850,0,2058640,29,70988,2.2,19,11,13.8,27.3,6.0,12.0,11.0,1.0,5.0,5.0,19.0,13
22105,0,2076407,31,66981,2.0,15,21,25.8,23.8,5.0,3.0,17.0,6.0,6.0,7.0,18.0,14
21744,0,977000,6,162833,1.5,4,4,33.3,100.0,2.0,3.0,1.0,1.0,1.0,1.0,5.0,14
21340,0,850800,6,141800,2.7,5,4,16.7,25.0,2.0,1.0,1.0,3.0,1.0,1.0,6.0,24
21381,0,1885640,21,89792,1.7,14,9,4.8,22.2,4.0,1.0,11.0,5.0,4.0,4.0,13.0,14
21389,0,288000,4,72000,1.0,3,4,0.0,0.0,1.0,1.0,2.0,1.0,1.0,1.0,3.0,24
21399,0,6003341,72,83380,1.2,33,47,1.4,27.7,13.0,24.0,18.0,17.0,4.0,7.0,61.0,14
21402,0,808300,11,73482,1.9,9,7,9.1,71.4,2.0,5.0,4.0,1.0,1.0,1.0,9.0,14
21459,0,5485194,39,140646,2.1,29,23,51.3,56.5,9.0,7.0,7.0,16.0,26.0,1.0,12.0,8
21499,0,3844600,46,83578,1.9,24,30,10.9,30.0,9.0,12.0,11.0,14.0,1.0,4.0,42.0,12
21541,0,8285369,81,102289,1.3,31,28,13.6,32.1,25.0,23.0,16.0,17.0,11.0,22.0,48.0,14
21559,0,682377,12,56865,1.7,10,8,8.3,50.0,4.0,1.0,7.0,1.0,1.0,3.0,9.0,9
21587,0,137000,3,45667,2.3,3,2,33.3,0.0,1.0,1.0,1.0,2.0,1.0,1.0,2.0,24
21650,0,3688400,49,75273,3.4,31,32,24.5,31.2,15.0,16.0,11.0,7.0,10.0,4.0,35.0,12
21695,0,508900,5,101780,2.2,5,5,20.0,40.0,1.0,4.0,1.0,1.0,2.0,1.0,3.0,9
21726,0,539360,25,21574,1.8,16,18,16.0,5.6,8.0,9.0,3.0,5.0,1.0,8.0,17.0,11
21734,0,8151463,78,104506,1.5,49,30,19.2,20.0,18.0,19.0,17.0,24.0,1.0,19.0,59.0,13
21768,0,1795686,15,119712,2.6,11,11,20.0,36.4,2.0,1.0,7.0,6.0,5.0,7.0,3.0,24
21328,0,376800,11,34255,2.3,6,5,9.1,0.0,1.0,1.0,10.0,1.0,1.0,1.0,10.0,21
21807,0,2444762,27,90547,2.1,17,8,11.1,0.0,1.0,1.0,14.0,12.0,1.0,6.0,20.0,24
21838,0,702400,14,50171,1.6,6,9,7.1,66.7,4.0,1.0,3.0,7.0,1.0,3.0,11.0,14
21852,0,2546560,30,84885,2.3,21,11,13.3,45.5,7.0,6.0,6.0,11.0,1.0,10.0,20.0,13
21853,0,978700,10,97870,2.4,7,7,30.0,0.0,6.0,1.0,3.0,1.0,5.0,1.0,5.0,24
21882,0,788000,6,131333,1.3,5,3,33.3,33.3,3.0,1.0,2.0,1.0,1.0,1.0,6.0,24
21903,0,1578800,40,39470,1.9,23,23,2.5,39.1,4.0,13.0,13.0,10.0,1.0,16.0,24.0,11
21937,0,537100,9,59678,1.9,5,5,11.1,20.0,6.0,1.0,2.0,1.0,1.0,6.0,3.0,13
22001,0,560764,25,22431,1.0,13,17,4.0,23.5,9.0,9.0,4.0,3.0,8.0,1.0,16.0,14
22025,0,2679641,39,68709,1.1,26,23,15.4,8.7,6.0,10.0,15.0,8.0,2.0,1.0,36.0,24
22047,0,1271000,6,211833,2.8,5,6,16.7,16.7,1.0,3.0,2.0,1.0,1.0,1.0,5.0,24
22049,0,12084308,105,115089,1.4,35,72,3.8,36.1,30.0,17.0,46.0,12.0,11.0,46.0,48.0,7
22067,0,3401706,31,109732,1.9,19,12,32.3,66.7,6.0,9.0,7.0,9.0,3.0,5.0,23.0,24
22077,0,292000,1,292000,3.0,1,1,0.0,100.0,1.0,1.0,1.0,1.0,1.0,1.0,1.0,24
22090,0,60000,1,60000,1.0,1,1,100.0,0.0,1.0,1.0,1.0,1.0,1.0,1.0,1.0,24
21334,0,2259900,38,59471,2.0,21,16,7.9,18.8,6.0,17.0,1.0,14.0,3.0,3.0,32.0,9
21322,0,541647,7,77378,1.6,7,5,28.6,60.0,1.0,1.0,1.0,6.0,1.0,1.0,5.0,24
20862,0,1200760,20,60038,3.4,11,7,25.0,28.6,3.0,2.0,1.0,15.0,3.0,1.0,16.0,11
21046,0,7623100,62,122953,2.1,36,37,16.1,43.2,11.0,11.0,18.0,22.0,24.0,13.0,25.0,24
20869,0,1402530,14,100181,1.9,12,5,7.1,40.0,1.0,1.0,10.0,4.0,1.0,2.0,11.0,13
20874,0,5072586,40,126815,2.2,19,22,17.5,22.7,3.0,7.0,21.0,9.0,25.0,1.0,15.0,24
20882,0,4552500,33,137955,1.2,21,21,15.2,42.9,10.0,5.0,6.0,12.0,7.0,2.0,24.0,24
20896,0,9112021,167,54563,1.5,60,66,11.4,45.5,36.0,37.0,40.0,54.0,40.0,36.0,91.0,14
20921,0,1205406,15,80360,1.9,6,10,6.7,10.0,7.0,1.0,2.0,6.0,1.0,1.0,15.0,14
20922,0,3099651,157,19743,1.4,57,62,7.0,46.8,43.0,31.0,35.0,48.0,26.0,16.0,115.0,14
20933,0,170200,4,42550,1.0,2,2,0.0,100.0,1.0,1.0,2.0,2.0,1.0,3.0,1.0,24
20950,0,2839240,34,83507,2.1,28,20,8.8,25.0,6.0,11.0,5.0,12.0,4.0,13.0,17.0,3
20963,0,368000,3,122667,2.3,3,3,33.3,100.0,1.0,1.0,1.0,1.0,1.0,1.0,1.0,15
21001,0,115000,2,57500,1.0,2,2,0.0,100.0,1.0,1.0,2.0,1.0,1.0,1.0,1.0,22
21003,0,8690854,78,111421,1.7,40,33,0.0,27.3,14.0,15.0,17.0,32.0,12.0,1.0,65.0,14
21004,0,2829000,29,97552,1.6,13,14,17.2,50.0,6.0,2.0,13.0,8.0,1.0,18.0,10.0,10
21011,0,112000,2,56000,1.0,2,1,50.0,0.0,1.0,1.0,1.0,2.0,1.0,1.0,2.0,21
21030,0,3188100,23,138613,2.6,13,7,8.7,28.6,14.0,9.0,1.0,1.0,1.0,1.0,22.0,12
21065,0,951000,14,67929,1.4,11,8,42.9,25.0,1.0,1.0,8.0,5.0,4.0,4.0,6.0,15
21307,0,1055550,22,47980,1.7,16,12,0.0,25.0,2.0,1.0,11.0,9.0,4.0,9.0,9.0,13
21154,0,5658866,23,246038,2.4,17,15,17.4,6.7,9.0,3.0,3.0,8.0,1.0,9.0,14.0,14
21158,0,6708967,120,55908,1.0,45,80,9.2,60.0,28.0,16.0,41.0,35.0,26.0,20.0,74.0,14
21176,0,254000,2,127000,3.0,2,2,100.0,100.0,1.0,1.0,1.0,1.0,1.0,1.0,2.0,22
21181,0,6017340,31,194108,1.0,25,13,32.3,46.2,4.0,3.0,12.0,12.0,5.0,6.0,20.0,8
21218,0,2616910,20,130846,1.7,15,7,5.0,28.6,16.0,2.0,1.0,2.0,5.0,1.0,15.0,21
21233,0,13922875,106,131348,1.2,65,31,14.2,12.9,21.0,30.0,27.0,28.0,12.0,16.0,78.0,19
21237,0,3250000,13,250000,2.5,9,6,53.8,66.7,6.0,6.0,1.0,1.0,1.0,1.0,12.0,24
21263,0,5349909,91,58790,2.0,45,43,14.3,46.5,14.0,18.0,32.0,27.0,19.0,22.0,50.0,13
21272,0,5034660,35,143847,2.7,21,18,8.6,22.2,11.0,6.0,10.0,8.0,1.0,1.0,34.0,11
21296,0,933600,7,133371,2.6,5,4,14.3,0.0,6.0,1.0,1.0,1.0,2.0,1.0,5.0,10
21297,0,191000,1,191000,3.0,1,1,0.0,0.0,1.0,1.0,1.0,1.0,1.0,1.0,1.0,24
21298,0,674000,5,134800,3.8,5,4,40.0,25.0,3.0,1.0,1.0,1.0,1.0,1.0,4.0,24
21300,0,3451595,69,50023,1.2,36,52,7.2,34.6,10.0,20.0,26.0,13.0,7.0,36.0,26.0,23
21302,0,8452400,47,179838,1.8,26,18,29.8,0.0,17.0,14.0,13.0,3.0,11.0,1.0,36.0,24
24218,0,175172,6,29195,1.0,5,5,16.7,40.0,1.0,1.0,2.0,2.0,3.0,1.0,3.0,14
24234,0,108000,1,108000,3.0,1,1,100.0,100.0,1.0,1.0,1.0,1.0,1.0,1.0,1.0,24
24240,0,406380,6,67730,2.3,5,4,0.0,50.0,1.0,3.0,1.0,3.0,1.0,1.0,5.0,24
27472,0,4994907,64,78045,1.7,24,45,1.6,48.9,22.0,1.0,5.0,36.0,6.0,34.0,24.0,14
27192,0,683000,5,136600,2.2,5,5,20.0,60.0,2.0,3.0,1.0,1.0,1.0,2.0,3.0,15
27208,0,3711916,60,61865,1.4,30,27,8.3,59.3,15.0,19.0,7.0,19.0,5.0,22.0,33.0,14
27211,0,4600000,9,511111,2.3,9,5,11.1,0.0,1.0,1.0,1.0,7.0,1.0,1.0,9.0,16
27241,0,1921209,40,48030,1.6,19,19,7.5,52.6,2.0,19.0,11.0,8.0,18.0,2.0,20.0,9
27249,0,3933801,99,39735,1.3,40,47,16.2,14.9,21.0,28.0,21.0,29.0,42.0,3.0,54.0,14
27267,0,1784600,9,198289,2.1,9,6,11.1,16.7,1.0,8.0,1.0,1.0,1.0,3.0,5.0,12
27299,0,5017800,18,278767,2.2,11,11,38.9,27.3,8.0,3.0,3.0,4.0,1.0,8.0,9.0,7
27340,0,3560133,36,98893,1.8,25,15,5.6,46.7,2.0,6.0,20.0,8.0,1.0,6.0,29.0,13
27354,0,21346263,109,195837,2.0,61,51,46.8,51.0,34.0,19.0,41.0,15.0,5.0,53.0,51.0,8
27355,0,11690173,92,127067,1.8,23,41,1.1,36.6,15.0,13.0,30.0,34.0,47.0,1.0,45.0,14
27377,0,4093914,62,66031,1.6,38,20,6.5,75.0,20.0,10.0,14.0,18.0,9.0,5.0,48.0,13
27414,0,4586207,41,111859,2.5,26,24,31.7,41.7,6.0,13.0,12.0,10.0,6.0,17.0,18.0,24
27430,0,2979479,37,80526,1.9,29,12,10.8,50.0,6.0,9.0,16.0,6.0,3.0,17.0,17.0,14
27468,0,1525239,32,47664,1.2,15,17,9.4,23.5,1.0,12.0,1.0,19.0,11.0,4.0,17.0,14
27475,0,4756240,58,82004,1.5,24,30,5.2,70.0,12.0,23.0,16.0,7.0,4.0,19.0,35.0,14
27177,0,5237000,17,308059,1.0,14,8,35.3,50.0,1.0,2.0,2.0,12.0,1.0,1.0,16.0,13
27497,0,3040163,10,304016,3.2,10,3,30.0,66.7,4.0,1.0,4.0,2.0,1.0,2.0,7.0,16
27501,0,6339224,60,105654,1.2,37,22,20.0,22.7,16.0,14.0,21.0,9.0,28.0,5.0,27.0,13
27515,0,1651854,24,68827,2.1,15,9,37.5,55.6,12.0,1.0,1.0,11.0,1.0,10.0,13.0,9
27522,0,1995098,47,42449,1.6,20,18,2.1,16.7,11.0,4.0,4.0,28.0,1.0,30.0,17.0,14
27523,0,15586034,72,216473,1.3,37,22,23.6,27.3,21.0,10.0,6.0,35.0,10.0,7.0,55.0,14
27538,0,613500,8,76688,1.5,7,2,25.0,50.0,7.0,1.0,1.0,1.0,6.0,1.0,2.0,13
27543,0,3427000,14,244786,2.0,7,7,35.7,0.0,1.0,1.0,1.0,13.0,6.0,1.0,7.0,24
27559,0,2977900,12,248158,2.2,7,9,8.3,55.6,1.0,4.0,4.0,3.0,3.0,2.0,7.0,0
27578,0,46909058,164,286031,1.2,63,58,25.6,20.7,45.0,36.0,39.0,44.0,34.0,9.0,121.0,14
27586,0,732100,18,40672,2.3,14,9,5.6,55.6,3.0,4.0,3.0,8.0,2.0,8.0,8.0,22
27618,0,1586822,27,58771,2.0,14,11,3.7,27.3,1.0,3.0,1.0,22.0,3.0,5.0,19.0,14
27646,0,3256000,42,77524,1.8,33,22,19.0,45.5,4.0,15.0,13.0,10.0,8.0,8.0,26.0,22
27663,0,4885570,62,78800,2.1,32,14,12.9,50.0,11.0,24.0,5.0,22.0,1.0,32.0,30.0,14
27685,0,1654900,11,150445,2.5,11,6,9.1,66.7,1.0,2.0,1.0,9.0,2.0,7.0,2.0,10
27191,0,65000,2,32500,1.0,2,1,0.0,0.0,2.0,1.0,1.0,1.0,1.0,1.0,2.0,21
27170,0,4289228,42,102124,2.0,34,25,11.9,40.0,7.0,11.0,12.0,12.0,8.0,5.0,29.0,24
27688,0,2216708,28,79168,2.1,16,13,10.7,46.2,4.0,6.0,17.0,1.0,5.0,3.0,20.0,14
26909,0,4847067,89,54461,1.7,39,45,14.6,15.6,27.0,22.0,20.0,20.0,9.0,1.0,80.0,24
26632,0,7941854,83,95685,1.8,37,39,13.3,17.9,10.0,31.0,17.0,25.0,17.0,27.0,39.0,14
26645,0,582400,6,97067,2.3,6,5,16.7,0.0,4.0,2.0,1.0,1.0,1.0,1.0,4.0,13
26647,0,459917,11,41811,1.0,6,8,9.1,37.5,4.0,7.0,1.0,1.0,4.0,3.0,4.0,14
26682,0,1188075,34,34943,1.1,20,20,5.9,30.0,11.0,1.0,9.0,13.0,6.0,1.0,28.0,14
26690,0,1618895,43,37649,1.3,27,24,4.7,25.0,5.0,16.0,20.0,2.0,4.0,3.0,36.0,14
26706,0,1434520,30,47817,1.9,20,18,16.7,22.2,4.0,11.0,8.0,7.0,14.0,1.0,15.0,13
26738,0,2588552,18,143808,3.4,14,7,0.0,14.3,7.0,7.0,1.0,3.0,5.0,4.0,9.0,14
26786,0,391800,7,55971,1.6,7,7,0.0,42.9,1.0,2.0,4.0,1.0,1.0,3.0,3.0,9
26787,0,391276,9,43475,1.7,3,7,44.4,14.3,6.0,1.0,1.0,3.0,1.0,2.0,7.0,14
26789,0,88000,2,44000,1.0,2,2,0.0,50.0,1.0,1.0,1.0,1.0,1.0,1.0,1.0,9
26865,0,1481100,11,134645,2.3,10,7,18.2,71.4,7.0,1.0,1.0,3.0,1.0,2.0,9.0,19
26872,0,882900,24,36788,1.2,15,8,4.2,12.5,6.0,12.0,1.0,6.0,7.0,1.0,17.0,13
26874,0,1278170,22,58099,2.3,15,11,22.7,9.1,8.0,3.0,5.0,6.0,5.0,6.0,11.0,9
26893,0,7602130,114,66685,1.8,47,33,5.3,39.4,51.0,5.0,30.0,28.0,18.0,50.0,46.0,14
26915,0,5205313,123,42320,1.7,45,46,8.1,52.2,40.0,45.0,16.0,22.0,67.0,4.0,52.0,14
27165,0,7074088,129,54838,1.4,58,63,4.7,15.9,30.0,42.0,24.0,33.0,66.0,13.0,50.0,14
26921,0,832840,15,55523,1.3,13,10,26.7,40.0,6.0,1.0,7.0,2.0,6.0,1.0,9.0,24
26923,0,1671948,47,35573,1.5,32,34,2.1,26.5,6.0,16.0,13.0,12.0,11.0,1.0,36.0,13
26942,0,347497,8,43437,1.5,6,4,12.5,50.0,1.0,2.0,2.0,4.0,4.0,1.0,4.0,14
26988,0,1023700,14,73121,2.6,8,8,7.1,12.5,8.0,2.0,2.0,2.0,4.0,1.0,9.0,15
27010,0,1112550,12,92712,2.0,10,4,0.0,25.0,1.0,3.0,9.0,1.0,1.0,6.0,6.0,6
27055,0,2302550,28,82234,2.2,19,17,25.0,23.5,4.0,6.0,7.0,11.0,5.0,8.0,15.0,3
27081,0,1229814,20,61491,1.9,11,7,0.0,28.6,6.0,9.0,5.0,1.0,3.0,9.0,8.0,13
27094,0,1047580,20,52379,1.9,17,12,15.0,58.3,7.0,2.0,3.0,8.0,1.0,8.0,12.0,23
27105,0,2972130,78,38104,2.0,34,14,14.1,14.3,22.0,3.0,21.0,32.0,2.0,1.0,75.0,13
27107,0,7298163,100,72982,1.7,46,51,6.0,27.5,21.0,19.0,28.0,32.0,8.0,9.0,83.0,14
27115,0,2993854,45,66530,1.1,32,17,2.2,23.5,9.0,9.0,21.0,6.0,27.0,1.0,18.0,7
27125,0,948700,11,86245,2.1,8,8,9.1,87.5,4.0,1.0,3.0,3.0,1.0,8.0,2.0,19
27126,0,5118556,63,81247,1.7,22,35,3.2,48.6,20.0,21.0,12.0,10.0,30.0,4.0,29.0,14
27164,0,4389628,101,43462,1.6,53,31,1.0,19.4,25.0,11.0,46.0,19.0,18.0,11.0,72.0,9
27686,0,7594409,26,292093,2.1,17,15,11.5,73.3,4.0,3.0,14.0,5.0,14.0,5.0,7.0,14
27695,0,9159550,79,115944,1.0,23,61,0.0,14.8,18.0,27.0,15.0,19.0,9.0,8.0,62.0,14
24258,0,640600,10,64060,1.6,10,6,10.0,50.0,2.0,2.0,1.0,6.0,8.0,1.0,1.0,16
28483,0,10787500,41,263110,1.6,27,25,19.5,56.0,15.0,7.0,5.0,14.0,6.0,6.0,29.0,24
28330,0,2465858,21,117422,2.4,13,10,9.5,50.0,7.0,1.0,5.0,8.0,1.0,9.0,12.0,13
28348,0,5933200,47,126238,2.3,35,19,8.5,63.2,1.0,17.0,15.0,15.0,3.0,19.0,25.0,13
28349,0,257990,13,19845,1.0,4,6,0.0,66.7,9.0,1.0,2.0,1.0,1.0,2.0,11.0,14
28352,0,3395090,73,46508,1.6,44,30,1.4,50.0,22.0,17.0,32.0,2.0,5.0,22.0,46.0,12
28372,0,149000,2,74500,2.0,2,2,50.0,50.0,1.0,1.0,1.0,1.0,1.0,1.0,2.0,24
28377,0,5739242,57,100688,1.8,29,16,8.8,50.0,16.0,4.0,37.0,1.0,31.0,1.0,26.0,9
28408,0,7418230,40,185456,2.5,29,19,10.0,47.4,5.0,18.0,14.0,3.0,2.0,18.0,20.0,24
28426,0,31000,2,15500,1.0,2,2,50.0,0.0,1.0,1.0,1.0,1.0,1.0,1.0,1.0,24
28436,0,22709793,258,88022,1.4,79,82,4.7,24.4,75.0,53.0,53.0,77.0,174.0,1.0,84.0,9
28444,0,395800,12,32983,1.5,12,7,8.3,14.3,5.0,2.0,2.0,3.0,6.0,1.0,6.0,13
28451,0,266700,6,44450,1.7,3,2,16.7,0.0,5.0,1.0,1.0,1.0,5.0,1.0,1.0,14
28475,0,6511665,62,105027,1.2,37,23,9.7,34.8,18.0,11.0,18.0,15.0,27.0,7.0,28.0,13
28476,0,11035784,116,95136,2.1,42,57,11.2,31.6,29.0,28.0,32.0,27.0,41.0,12.0,63.0,14
28479,0,2978780,40,74470,1.4,21,26,10.0,23.1,16.0,6.0,6.0,12.0,15.0,10.0,15.0,14
28512,0,693500,9,77056,2.1,7,7,44.4,71.4,4.0,2.0,1.0,2.0,1.0,5.0,4.0,24
28272,0,1380896,15,92060,1.8,8,12,0.0,25.0,6.0,3.0,5.0,1.0,4.0,3.0,8.0,14
28515,0,9657810,66,146330,2.0,37,33,3.0,30.3,25.0,28.0,13.0,1.0,6.0,28.0,32.0,14
28533,0,2101280,21,100061,1.8,13,9,14.3,55.6,7.0,10.0,4.0,1.0,2.0,6.0,13.0,14
28566,0,888000,3,296000,3.0,2,3,66.7,0.0,1.0,1.0,1.0,1.0,1.0,1.0,3.0,24
28605,0,101000,5,20200,1.0,2,2,0.0,0.0,1.0,1.0,1.0,4.0,1.0,1.0,4.0,24
28624,0,1873320,11,170302,1.0,11,3,9.1,0.0,8.0,2.0,1.0,1.0,1.0,1.0,10.0,17
28635,0,8312695,89,93401,2.2,46,31,15.7,41.9,30.0,32.0,6.0,21.0,22.0,17.0,50.0,24
28648,0,585000,6,97500,1.3,4,6,33.3,66.7,1.0,3.0,1.0,2.0,1.0,4.0,2.0,11
28685,0,11080600,28,395736,1.9,13,11,53.6,63.6,19.0,3.0,6.0,1.0,1.0,5.0,23.0,16
28719,0,5327881,68,78351,2.9,34,27,8.8,29.6,24.0,24.0,9.0,11.0,6.0,10.0,52.0,14
28720,0,4242857,31,136866,3.1,25,16,9.7,56.2,1.0,15.0,6.0,10.0,2.0,4.0,25.0,12
28721,0,4549084,44,103388,2.0,32,20,22.7,25.0,13.0,2.0,16.0,13.0,5.0,13.0,26.0,7
28725,0,5252687,62,84721,1.3,33,31,21.0,51.6,21.0,21.0,16.0,4.0,6.0,24.0,32.0,14
28736,0,3946136,58,68037,2.3,27,31,1.7,35.5,9.0,9.0,19.0,21.0,2.0,41.0,15.0,14
28746,0,1622603,25,64904,1.3,22,17,20.0,47.1,5.0,4.0,13.0,3.0,2.0,11.0,12.0,24
28288,0,1470000,9,163333,1.7,9,7,11.1,28.6,1.0,2.0,7.0,1.0,1.0,1.0,8.0,24
28244,0,591494,7,84499,1.6,4,3,0.0,100.0,4.0,1.0,2.0,1.0,2.0,1.0,5.0,14
27700,0,108000,1,108000,3.0,1,1,100.0,100.0,1.0,1.0,1.0,1.0,1.0,1.0,2.0,24
27905,0,411000,4,102750,2.0,4,3,25.0,33.3,1.0,1.0,3.0,1.0,3.0,1.0,1.0,9
27721,0,14601480,175,83437,1.6,63,71,9.7,31.0,31.0,58.0,51.0,35.0,11.0,74.0,90.0,14
27733,0,5166351,50,103327,1.8,15,34,2.0,35.3,6.0,20.0,10.0,14.0,28.0,5.0,17.0,14
27764,0,501584,7,71655,1.0,5,4,14.3,25.0,1.0,5.0,2.0,1.0,4.0,1.0,3.0,8
27783,0,11687368,70,166962,3.2,47,23,17.1,30.4,11.0,15.0,30.0,14.0,24.0,3.0,43.0,13
27788,0,307500,3,102500,3.0,3,1,33.3,100.0,1.0,3.0,1.0,1.0,1.0,1.0,3.0,24
27789,0,6341468,58,109336,2.1,24,29,1.7,10.3,13.0,19.0,12.0,14.0,32.0,3.0,23.0,14
27795,0,4429941,81,54691,1.2,42,27,1.2,29.6,16.0,19.0,28.0,18.0,36.0,13.0,32.0,13
27798,0,4892503,43,113779,1.8,20,13,16.3,92.3,24.0,16.0,1.0,3.0,31.0,6.0,6.0,14
27803,0,5609070,22,254958,3.0,17,9,31.8,33.3,7.0,4.0,4.0,7.0,8.0,3.0,11.0,17
27813,0,6626566,91,72819,1.7,56,36,7.7,27.8,17.0,24.0,20.0,30.0,44.0,6.0,41.0,14
27835,0,7460893,63,118427,2.6,22,25,23.8,44.0,16.0,4.0,28.0,15.0,6.0,5.0,52.0,13
27841,0,6094400,26,234400,2.2,24,15,7.7,33.3,7.0,2.0,7.0,10.0,11.0,1.0,14.0,9
27872,0,4499168,33,136338,1.7,25,22,12.1,50.0,7.0,6.0,8.0,12.0,6.0,16.0,11.0,10
27873,0,388740,9,43193,1.7,7,5,22.2,0.0,5.0,4.0,1.0,1.0,2.0,1.0,7.0,24
27936,0,487200,4,121800,3.0,4,1,25.0,0.0,1.0,4.0,1.0,1.0,2.0,1.0,2.0,13
28193,0,331000,2,165500,3.0,2,1,100.0,0.0,1.0,1.0,2.0,1.0,1.0,1.0,2.0,24
27963,0,46000,1,46000,1.0,1,1,0.0,100.0,1.0,1.0,1.0,1.0,1.0,1.0,1.0,24
27989,0,3543012,123,28805,1.5,46,65,7.3,23.1,39.0,26.0,43.0,15.0,13.0,24.0,86.0,14
28011,0,9059670,63,143804,2.5,38,21,25.4,19.0,12.0,14.0,29.0,8.0,5.0,4.0,54.0,24
28020,0,133100,4,33275,1.5,4,3,25.0,100.0,2.0,1.0,1.0,1.0,1.0,2.0,2.0,14
28022,0,487680,12,40640,1.3,5,9,0.0,44.4,6.0,5.0,1.0,1.0,1.0,1.0,12.0,14
28027,0,2415872,43,56183,1.7,22,26,4.7,30.8,8.0,10.0,21.0,4.0,16.0,11.0,16.0,14
28039,0,6502561,77,84449,2.3,39,37,5.2,45.9,27.0,24.0,23.0,3.0,9.0,21.0,47.0,14
28069,0,3274800,14,233914,2.0,9,12,7.1,16.7,1.0,7.0,7.0,1.0,2.0,9.0,3.0,19
28079,0,5892997,138,42703,2.0,54,66,2.9,34.8,18.0,32.0,64.0,24.0,9.0,73.0,56.0,14
28100,0,2963100,19,155953,2.9,16,10,0.0,60.0,5.0,4.0,3.0,7.0,4.0,4.0,11.0,10
28131,0,951500,11,86500,2.1,9,8,54.5,37.5,2.0,2.0,4.0,3.0,9.0,1.0,2.0,17
28135,0,642000,4,160500,2.0,3,3,25.0,0.0,2.0,1.0,1.0,2.0,2.0,1.0,2.0,24
28154,0,208000,3,69333,2.3,3,1,33.3,100.0,3.0,1.0,1.0,1.0,1.0,2.0,1.0,24
28159,0,11801116,96,122928,2.3,54,51,17.7,11.8,30.0,21.0,26.0,19.0,55.0,8.0,33.0,13
26630,0,1623380,12,135282,1.3,11,8,8.3,12.5,2.0,1.0,4.0,6.0,1.0,1.0,10.0,11
26566,0,21887571,85,257501,1.4,47,32,15.3,21.9,10.0,19.0,29.0,27.0,39.0,18.0,28.0,9
26505,0,4744930,43,110347,2.3,20,19,32.6,26.3,10.0,12.0,12.0,9.0,5.0,1.0,38.0,24
24974,0,2199900,24,91662,2.5,16,12,0.0,16.7,1.0,12.0,12.0,1.0,8.0,1.0,15.0,21
24744,0,7703369,105,73365,1.8,59,30,10.5,40.0,35.0,22.0,22.0,26.0,12.0,49.0,44.0,3
24745,0,5270535,39,135142,1.5,23,25,10.3,20.0,7.0,11.0,7.0,14.0,9.0,4.0,26.0,14
24774,0,1170256,8,146282,3.6,7,6,12.5,33.3,1.0,1.0,2.0,5.0,1.0,4.0,4.0,14
24813,0,1702200,23,74009,2.0,17,11,8.7,36.4,9.0,3.0,5.0,6.0,8.0,3.0,12.0,9
24844,0,3534528,57,62009,2.1,31,26,0.0,3.8,17.0,8.0,11.0,21.0,20.0,2.0,35.0,14
24861,0,156800,4,39200,1.5,3,3,50.0,0.0,1.0,1.0,4.0,1.0,2.0,1.0,2.0,24
24913,0,184000,2,92000,3.0,2,2,50.0,50.0,1.0,1.0,1.0,1.0,1.0,1.0,1.0,24
24914,0,1037752,10,103775,2.0,10,4,0.0,0.0,1.0,3.0,7.0,1.0,3.0,1.0,6.0,17
24930,0,820500,11,74591,2.1,6,4,18.2,0.0,1.0,10.0,1.0,1.0,2.0,1.0,9.0,13
24933,0,1385368,54,25655,2.0,25,31,7.4,29.0,30.0,10.0,10.0,4.0,16.0,9.0,29.0,14
24947,0,1103360,59,18701,1.7,20,29,1.7,13.8,8.0,9.0,10.0,32.0,1.0,43.0,15.0,14
24956,0,82000,2,41000,2.0,2,2,0.0,50.0,1.0,1.0,1.0,1.0,1.0,1.0,1.0,14
24970,0,1015000,6,169167,1.3,6,5,50.0,40.0,1.0,1.0,1.0,4.0,2.0,1.0,4.0,24
24971,0,1234639,12,102887,1.7,8,8,25.0,50.0,3.0,1.0,4.0,4.0,1.0,2.0,10.0,14
24983,0,143000,2,71500,1.0,2,2,50.0,0.0,1.0,1.0,2.0,1.0,1.0,2.0,2.0,13
24697,0,2651939,55,48217,1.5,17,35,0.0,77.1,10.0,13.0,19.0,13.0,3.0,14.0,38.0,14
24996,0,461100,7,65871,1.0,7,3,28.6,33.3,2.0,1.0,1.0,5.0,1.0,4.0,2.0,4
24997,0,464922,10,46492,2.0,7,7,10.0,28.6,5.0,2.0,2.0,1.0,1.0,5.0,5.0,15
25021,0,458166,4,114542,1.5,4,4,25.0,0.0,1.0,2.0,1.0,1.0,1.0,1.0,4.0,14
25027,0,866400,14,61886,2.6,8,9,14.3,44.4,1.0,1.0,7.0,6.0,1.0,3.0,10.0,19
25055,0,1054600,5,210920,3.6,5,3,20.0,0.0,1.0,1.0,1.0,4.0,1.0,1.0,5.0,13
25088,0,2741000,9,304556,2.3,9,2,22.2,0.0,6.0,1.0,3.0,1.0,8.0,1.0,1.0,6
25089,0,533168,27,19747,1.4,15,14,7.4,35.7,15.0,1.0,4.0,8.0,14.0,1.0,12.0,11
25100,0,1392900,31,44932,2.2,21,20,16.1,15.0,1.0,6.0,13.0,12.0,17.0,1.0,13.0,12
25106,0,1131600,18,62867,2.4,12,11,27.8,0.0,3.0,8.0,1.0,6.0,5.0,1.0,13.0,24
25111,0,1081600,11,98327,2.1,7,9,18.2,44.4,1.0,9.0,1.0,1.0,5.0,2.0,4.0,24
25117,0,32801000,44,745477,3.9,12,30,77.3,26.7,6.0,16.0,22.0,1.0,14.0,7.0,23.0,8
25165,0,1465800,21,69800,1.7,18,13,0.0,23.1,10.0,3.0,5.0,3.0,14.0,4.0,3.0,13
25186,0,876206,10,87621,1.6,8,5,0.0,0.0,8.0,1.0,1.0,1.0,1.0,2.0,8.0,14
25212,0,193000,3,64333,1.0,3,3,33.3,33.3,1.0,1.0,1.0,1.0,1.0,2.0,1.0,9
24723,0,8468270,94,90088,2.2,57,44,10.6,61.4,38.0,21.0,16.0,19.0,15.0,15.0,64.0,13
24693,0,326000,2,163000,3.0,2,1,0.0,0.0,1.0,1.0,1.0,2.0,1.0,1.0,2.0,22
26483,0,389268,7,55610,1.0,6,4,0.0,0.0,1.0,3.0,1.0,4.0,1.0,4.0,3.0,14
24567,0,1221600,12,101800,2.3,9,6,50.0,50.0,4.0,5.0,1.0,3.0,1.0,4.0,8.0,13
24268,0,262200,4,65550,1.0,3,3,50.0,33.3,1.0,2.0,1.0,1.0,1.0,1.0,3.0,24
24284,0,1173814,16,73363,2.0,15,6,12.5,16.7,8.0,1.0,7.0,1.0,1.0,6.0,10.0,24
24298,0,186312,5,37262,1.4,5,4,0.0,50.0,1.0,1.0,2.0,1.0,1.0,1.0,3.0,24
24309,0,3980542,82,48543,1.6,41,48,2.4,22.9,14.0,7.0,36.0,25.0,29.0,10.0,43.0,14
24342,0,1969890,34,57938,1.6,27,18,17.6,50.0,1.0,8.0,14.0,11.0,2.0,8.0,24.0,17
24353,0,13099640,197,66496,1.3,112,98,6.6,37.8,49.0,59.0,39.0,50.0,33.0,114.0,50.0,13
24362,0,1085500,25,43420,1.2,19,14,4.0,21.4,3.0,2.0,5.0,15.0,1.0,9.0,16.0,9
24389,0,404100,4,101025,2.5,4,2,25.0,50.0,1.0,1.0,4.0,1.0,1.0,3.0,2.0,13
24441,0,1252180,21,59628,1.2,15,10,4.8,30.0,3.0,12.0,3.0,3.0,1.0,5.0,15.0,7
24447,0,427000,4,106750,2.0,4,2,50.0,0.0,3.0,1.0,1.0,1.0,1.0,1.0,4.0,8
24473,0,4982200,57,87407,2.1,34,28,35.1,39.3,16.0,10.0,11.0,20.0,17.0,2.0,38.0,9
24495,0,3696465,24,154019,1.6,8,13,33.3,38.5,3.0,7.0,14.0,1.0,4.0,1.0,20.0,14
24546,0,544447,9,60494,1.0,8,8,0.0,12.5,4.0,1.0,2.0,3.0,3.0,1.0,6.0,13
24561,0,2342780,27,86770,2.4,16,12,14.8,41.7,5.0,7.0,11.0,4.0,13.0,6.0,8.0,12
24569,0,727690,12,60641,1.3,7,4,8.3,25.0,1.0,1.0,1.0,11.0,1.0,1.0,11.0,24
24692,0,271400,4,67850,1.5,2,3,0.0,33.3,1.0,1.0,1.0,2.0,3.0,1.0,1.0,14
24609,0,2726500,19,143500,3.5,11,8,10.5,12.5,12.0,7.0,1.0,1.0,7.0,1.0,12.0,9
24616,0,2849502,18,158306,1.6,12,8,27.8,75.0,11.0,3.0,2.0,2.0,1.0,9.0,9.0,14
24617,0,44800,2,22400,1.0,2,2,50.0,0.0,1.0,1.0,1.0,1.0,1.0,1.0,1.0,14
24622,0,343800,3,114600,1.7,3,3,0.0,0.0,1.0,1.0,3.0,1.0,1.0,2.0,1.0,22
24635,0,2561410,25,102456,2.1,20,18,8.0,55.6,7.0,6.0,7.0,5.0,1.0,12.0,13.0,13
24636,0,3063376,39,78548,2.5,21,14,17.9,35.7,9.0,9.0,6.0,15.0,1.0,11.0,28.0,14
24640,0,2996000,4,749000,2.0,4,4,25.0,50.0,1.0,1.0,1.0,1.0,1.0,2.0,2.0,15
24643,0,1322899,26,50881,1.6,19,17,3.8,41.2,6.0,6.0,8.0,6.0,4.0,4.0,18.0,14
24655,0,2512351,56,44863,1.3,11,38,8.9,23.7,2.0,17.0,27.0,10.0,5.0,21.0,30.0,14
24657,0,1590400,26,61169,2.1,16,10,23.1,10.0,17.0,5.0,1.0,3.0,3.0,7.0,16.0,9
24674,0,4612766,39,118276,2.1,27,19,28.2,57.9,11.0,11.0,11.0,6.0,7.0,10.0,22.0,24
24681,0,2788912,32,87154,1.6,10,23,25.0,17.4,4.0,4.0,13.0,11.0,15.0,1.0,17.0,14
24683,0,243500,3,81167,2.3,3,2,33.3,0.0,3.0,1.0,1.0,1.0,1.0,1.0,3.0,24
24690,0,1880300,15,125353,2.6,9,9,13.3,44.4,3.0,1.0,5.0,6.0,1.0,7.0,8.0,3
25218,0,15757486,123,128110,1.8,49,43,8.1,58.1,26.0,22.0,47.0,28.0,26.0,20.0,77.0,14
25253,0,3090820,26,118878,1.4,12,22,3.8,13.6,6.0,7.0,4.0,9.0,9.0,11.0,6.0,14
25254,0,189000,2,94500,3.0,2,2,50.0,0.0,1.0,1.0,1.0,1.0,1.0,1.0,2.0,14
26185,0,5079684,54,94068,2.4,27,28,14.8,35.7,16.0,15.0,12.0,11.0,14.0,1.0,39.0,14
25979,0,2694896,70,38499,2.0,33,47,1.4,25.5,22.0,13.0,18.0,17.0,11.0,8.0,51.0,11
25986,0,1390200,12,115850,1.7,11,5,8.3,20.0,2.0,3.0,1.0,6.0,2.0,1.0,10.0,13
25997,0,3478320,90,38648,1.5,44,59,3.3,37.3,17.0,33.0,21.0,19.0,24.0,16.0,50.0,14
26017,0,3763739,35,107535,2.0,22,22,28.6,63.6,5.0,12.0,13.0,5.0,9.0,6.0,20.0,24
26024,0,1867200,5,373440,3.0,3,5,0.0,40.0,2.0,3.0,1.0,1.0,1.0,1.0,5.0,21
26026,0,5582433,44,126873,2.4,33,24,20.5,33.3,14.0,7.0,2.0,21.0,1.0,9.0,34.0,24
26030,0,893635,17,52567,2.5,10,8,35.3,0.0,9.0,1.0,5.0,2.0,7.0,1.0,9.0,9
26065,0,467414,16,29213,1.9,9,12,12.5,25.0,5.0,3.0,8.0,1.0,5.0,1.0,10.0,14
26073,0,845735,34,24875,1.6,16,21,5.9,14.3,4.0,11.0,7.0,12.0,1.0,25.0,8.0,14
26079,0,5529737,18,307208,2.3,10,9,11.1,77.8,4.0,3.0,6.0,5.0,5.0,1.0,12.0,14
26110,0,210000,1,210000,6.0,1,1,100.0,0.0,1.0,1.0,1.0,1.0,1.0,1.0,2.0,24
26125,0,1725876,29,59513,2.3,17,15,20.7,66.7,13.0,2.0,4.0,10.0,7.0,5.0,17.0,17
26172,0,330500,4,82625,2.0,4,2,25.0,50.0,1.0,1.0,1.0,3.0,1.0,1.0,3.0,10
26176,0,1136239,23,49402,1.7,8,13,0.0,30.8,2.0,3.0,4.0,14.0,4.0,1.0,19.0,24
26230,0,190878,5,38176,1.0,3,3,20.0,33.3,1.0,1.0,3.0,1.0,1.0,4.0,1.0,14
25283,0,2269191,120,18910,1.4,27,71,5.8,52.1,18.0,47.0,40.0,15.0,39.0,19.0,62.0,14
26264,0,7813540,64,122087,3.9,30,22,29.7,63.6,19.0,18.0,19.0,8.0,3.0,26.0,35.0,24
26269,0,81900,3,27300,1.0,3,2,0.0,100.0,1.0,1.0,2.0,1.0,1.0,2.0,1.0,14
26271,0,16851402,155,108719,2.0,87,82,19.4,40.2,47.0,42.0,34.0,32.0,4.0,86.0,65.0,24
26274,0,10552073,128,82438,1.6,52,37,3.1,62.2,35.0,55.0,19.0,19.0,13.0,3.0,112.0,14
26295,0,92868830,491,189142,3.7,134,142,4.3,35.9,130.0,113.0,128.0,120.0,13.0,129.0,349.0,14
26336,0,3563160,35,101805,2.5,22,13,17.1,69.2,9.0,18.0,3.0,5.0,8.0,1.0,26.0,12
26364,0,1175091,18,65283,1.6,12,11,16.7,27.3,9.0,2.0,6.0,1.0,4.0,2.0,12.0,24
26371,0,8678742,73,118887,1.5,21,44,2.7,29.5,10.0,25.0,32.0,6.0,6.0,31.0,36.0,15
26387,0,1282100,7,183157,1.3,7,5,28.6,60.0,4.0,1.0,1.0,1.0,1.0,3.0,4.0,16
26401,0,73000,1,73000,1.0,1,1,100.0,100.0,1.0,1.0,1.0,1.0,1.0,1.0,1.0,24
26407,0,7057822,89,79301,1.9,40,43,4.5,46.5,1.0,52.0,36.0,1.0,9.0,58.0,22.0,12
26425,0,1152000,14,82286,3.1,11,6,14.3,100.0,5.0,1.0,7.0,2.0,1.0,2.0,12.0,24
26431,0,822000,9,91333,3.1,8,4,0.0,50.0,1.0,3.0,4.0,1.0,4.0,4.0,1.0,6
26440,0,1040000,2,520000,6.0,1,1,0.0,0.0,1.0,2.0,1.0,1.0,1.0,1.0,1.0,24
25972,0,4367896,46,94954,1.4,24,25,6.5,24.0,10.0,6.0,11.0,19.0,10.0,13.0,23.0,14
25955,0,3876790,48,80766,2.1,33,24,6.2,54.2,7.0,19.0,2.0,20.0,4.0,12.0,32.0,13
25953,0,1610842,13,123911,1.9,9,9,15.4,33.3,1.0,1.0,2.0,10.0,6.0,1.0,6.0,9
25938,0,1519511,30,50650,1.3,13,15,10.0,20.0,2.0,13.0,7.0,8.0,1.0,11.0,19.0,14
25293,0,9306400,64,145412,1.9,39,29,43.8,17.2,12.0,7.0,26.0,19.0,3.0,13.0,48.0,3
25313,0,854052,15,56937,1.8,9,10,13.3,10.0,1.0,7.0,4.0,3.0,2.0,3.0,10.0,24
25328,0,4334925,66,65681,2.1,30,29,24.2,13.8,20.0,9.0,30.0,7.0,33.0,5.0,28.0,4
25340,0,1357469,13,104421,1.2,10,7,46.2,0.0,3.0,3.0,7.0,1.0,1.0,1.0,13.0,8
21,0,353450,9,39272,1.2,6,8,11.1,37.5,1.0,5.0,4.0,1.0,3.0,1.0,6.0,11
25356,0,339904,9,37767,1.9,7,5,0.0,40.0,5.0,1.0,4.0,1.0,2.0,4.0,3.0,18
25365,0,4044114,49,82533,1.9,24,23,14.3,52.2,18.0,6.0,8.0,17.0,10.0,14.0,25.0,24
25397,0,2487303,60,41455,2.2,22,37,6.7,40.5,10.0,11.0,17.0,22.0,1.0,26.0,34.0,14
25530,0,4504101,74,60866,1.4,33,45,0.0,48.9,25.0,25.0,15.0,9.0,9.0,23.0,42.0,14
25573,0,1670632,41,40747,1.5,25,21,22.0,28.6,5.0,8.0,12.0,16.0,1.0,6.0,34.0,24
25586,0,136494,3,45498,1.0,3,1,0.0,0.0,1.0,1.0,1.0,3.0,1.0,1.0,3.0,24
25623,0,1380200,22,62736,1.8,20,13,13.6,15.4,5.0,2.0,8.0,7.0,2.0,4.0,16.0,12
25660,0,608614,17,35801,1.0,12,8,11.8,62.5,9.0,2.0,1.0,5.0,5.0,1.0,11.0,14
25718,0,3308632,32,103395,1.7,21,16,6.2,12.5,1.0,6.0,9.0,16.0,18.0,2.0,12.0,13
25724,0,3925006,55,71364,2.1,32,22,7.3,31.8,1.0,15.0,24.0,15.0,5.0,20.0,30.0,14
25751,0,987493,27,36574,1.1,13,15,11.1,73.3,6.0,11.0,7.0,3.0,4.0,10.0,13.0,14
25755,0,926440,21,44116,1.9,15,5,0.0,0.0,1.0,1.0,1.0,21.0,2.0,3.0,16.0,13
25761,0,14822600,59,251231,2.2,36,19,10.2,57.9,19.0,7.0,20.0,13.0,3.0,13.0,43.0,24
25766,0,10053287,139,72326,1.5,39,83,14.4,32.5,34.0,39.0,39.0,27.0,36.0,20.0,83.0,14
25780,0,4416200,59,74851,2.2,49,27,16.9,37.0,13.0,13.0,16.0,17.0,13.0,1.0,45.0,13
25787,0,3686268,43,85727,2.1,27,10,7.0,40.0,13.0,5.0,11.0,14.0,13.0,10.0,20.0,13
25803,0,1138200,11,103473,2.5,11,8,9.1,75.0,3.0,1.0,5.0,2.0,1.0,1.0,9.0,24
25805,0,637529,5,127506,1.4,4,3,40.0,33.3,1.0,1.0,1.0,3.0,1.0,1.0,4.0,24
25813,0,217000,8,27125,2.0,4,3,0.0,0.0,1.0,1.0,8.0,1.0,1.0,1.0,7.0,24
25849,0,1726878,25,69075,1.9,18,13,12.0,38.5,3.0,1.0,15.0,6.0,3.0,6.0,16.0,24
25853,0,5349420,74,72289,2.3,42,46,5.4,13.0,11.0,15.0,19.0,29.0,17.0,4.0,53.0,19
25883,0,5179694,55,94176,2.1,32,35,7.3,17.1,13.0,3.0,18.0,21.0,9.0,9.0,37.0,14
25914,0,620400,4,155100,1.5,4,4,75.0,0.0,1.0,2.0,1.0,1.0,1.0,1.0,3.0,24
25934,0,238500,9,26500,1.2,3,5,0.0,0.0,1.0,4.0,4.0,1.0,1.0,1.0,8.0,13
19821,0,301700,4,75425,2.5,3,2,50.0,0.0,1.0,1.0,4.0,1.0,1.0,1.0,4.0,24
19815,0,3290337,32,102823,2.0,18,19,21.9,57.9,6.0,8.0,8.0,10.0,1.0,12.0,19.0,14
19792,0,478000,10,47800,2.4,6,6,20.0,33.3,4.0,1.0,2.0,4.0,1.0,3.0,7.0,24
14868,0,1827300,17,107488,2.3,10,9,0.0,44.4,3.0,5.0,2.0,7.0,2.0,6.0,9.0,24
14662,0,1231877,21,58661,1.5,14,16,4.8,68.8,5.0,10.0,5.0,1.0,2.0,6.0,13.0,14
14677,0,784910,22,35678,1.1,13,6,4.5,33.3,6.0,1.0,2.0,14.0,1.0,1.0,22.0,13
14680,0,9260503,68,136184,3.1,41,37,19.1,16.2,17.0,30.0,7.0,14.0,12.0,5.0,51.0,24
14695,0,2893540,55,52610,1.4,30,27,5.5,18.5,14.0,25.0,11.0,5.0,3.0,33.0,19.0,24
14710,0,1328410,31,42852,1.6,19,23,29.0,8.7,13.0,4.0,1.0,13.0,4.0,2.0,25.0,24
14711,0,1311000,2,655500,8.0,2,1,100.0,0.0,1.0,1.0,2.0,1.0,1.0,1.0,1.0,8
14728,0,174000,5,34800,2.2,3,1,0.0,0.0,1.0,1.0,1.0,5.0,1.0,1.0,5.0,9
14740,0,642900,5,128580,2.0,4,4,20.0,100.0,1.0,2.0,3.0,1.0,1.0,1.0,4.0,19
14763,0,336000,3,112000,1.7,3,3,33.3,0.0,1.0,1.0,1.0,2.0,1.0,1.0,3.0,19
14769,0,106000,2,53000,1.0,2,2,50.0,50.0,1.0,1.0,1.0,1.0,1.0,1.0,1.0,15
14775,0,1093000,2,546500,6.5,2,1,100.0,100.0,1.0,1.0,2.0,1.0,1.0,1.0,2.0,8
14792,0,2265788,34,66641,2.0,17,13,14.7,30.8,7.0,14.0,9.0,4.0,1.0,20.0,13.0,24
14805,0,3274904,30,109163,2.2,23,18,3.3,55.6,9.0,9.0,7.0,5.0,1.0,15.0,14.0,11
14842,0,1070100,24,44588,1.6,13,17,8.3,64.7,6.0,10.0,7.0,1.0,2.0,5.0,17.0,13
14872,0,2406400,13,185108,3.5,9,11,46.2,45.5,4.0,3.0,2.0,4.0,7.0,3.0,3.0,24
14623,0,804400,12,67033,1.7,7,9,25.0,55.6,6.0,6.0,1.0,1.0,2.0,5.0,5.0,12
14882,0,1753946,24,73081,1.8,14,16,16.7,50.0,9.0,3.0,9.0,3.0,3.0,11.0,10.0,10
14885,0,192000,13,14769,1.3,6,5,0.0,40.0,1.0,1.0,13.0,1.0,1.0,3.0,10.0,13
14891,0,555480,5,111096,2.6,4,4,20.0,75.0,2.0,1.0,1.0,3.0,1.0,3.0,2.0,17
14898,0,5973238,79,75611,1.5,41,42,22.8,21.4,16.0,27.0,14.0,22.0,10.0,29.0,40.0,13
14902,0,3511800,35,100337,1.6,26,19,22.9,31.6,10.0,6.0,8.0,11.0,1.0,28.0,6.0,24
14916,0,724000,7,103429,1.0,7,5,14.3,80.0,3.0,1.0,1.0,2.0,1.0,1.0,6.0,21
14923,0,1427850,15,95190,2.7,11,9,6.7,0.0,4.0,1.0,2.0,9.0,1.0,1.0,13.0,12
14924,0,2844000,14,203143,2.3,11,7,14.3,42.9,1.0,7.0,3.0,3.0,1.0,2.0,11.0,21
15001,0,1517200,17,89247,2.2,11,16,5.9,25.0,1.0,4.0,3.0,9.0,1.0,10.0,6.0,24
15006,0,9135234,110,83048,1.5,56,52,9.1,38.5,21.0,33.0,23.0,33.0,52.0,6.0,52.0,14
15009,0,1624220,33,49219,2.0,15,15,12.1,40.0,8.0,9.0,1.0,16.0,2.0,16.0,15.0,19
15020,0,3059440,23,133019,2.1,18,13,26.1,69.2,2.0,1.0,15.0,6.0,1.0,5.0,18.0,12
15029,0,939261,24,39136,1.4,16,11,4.2,72.7,10.0,11.0,2.0,1.0,2.0,9.0,13.0,12
15035,0,564000,8,70500,2.2,7,4,12.5,0.0,6.0,1.0,1.0,2.0,4.0,1.0,4.0,12
14630,0,30000,1,30000,1.0,1,1,0.0,100.0,1.0,1.0,1.0,1.0,1.0,1.0,1.0,24
14612,0,557100,5,111420,1.0,4,4,40.0,25.0,2.0,2.0,1.0,1.0,1.0,4.0,1.0,24
15044,0,1274000,9,141556,2.3,6,6,0.0,50.0,1.0,3.0,4.0,1.0,1.0,3.0,6.0,24
14401,0,552000,1,552000,3.0,1,1,100.0,0.0,1.0,1.0,1.0,1.0,1.0,1.0,1.0,24
14213,0,594800,8,74350,2.0,6,6,37.5,100.0,2.0,2.0,4.0,1.0,2.0,2.0,4.0,24
14214,0,2470594,44,56150,2.2,28,15,6.8,46.7,2.0,8.0,16.0,18.0,1.0,11.0,32.0,12
14245,0,2851156,28,101827,1.9,14,12,28.6,16.7,8.0,13.0,6.0,1.0,16.0,1.0,11.0,14
14263,0,1327600,19,69874,1.8,14,11,5.3,54.5,1.0,8.0,8.0,3.0,3.0,4.0,12.0,23
14298,0,2173000,18,120722,2.8,5,12,11.1,16.7,8.0,4.0,2.0,4.0,1.0,11.0,7.0,19
14309,0,2703800,62,43610,1.4,41,36,4.8,30.6,16.0,15.0,14.0,17.0,6.0,15.0,41.0,15
14325,0,42787259,124,345059,2.1,62,23,27.4,39.1,22.0,43.0,19.0,40.0,16.0,39.0,69.0,24
14335,0,2506200,27,92822,1.0,17,11,3.7,45.5,4.0,1.0,6.0,17.0,1.0,2.0,25.0,10
14338,0,12386100,61,203051,2.0,36,22,36.1,31.8,19.0,29.0,3.0,10.0,15.0,12.0,34.0,24
14346,0,428000,1,428000,3.0,1,1,0.0,100.0,1.0,1.0,1.0,1.0,1.0,1.0,2.0,24
14351,0,278600,4,69650,1.8,4,3,25.0,0.0,1.0,1.0,1.0,2.0,1.0,1.0,4.0,12
14363,0,658000,8,82250,1.8,4,3,87.5,33.3,2.0,1.0,1.0,5.0,1.0,2.0,6.0,24
14380,0,320000,3,106667,3.0,3,3,33.3,66.7,1.0,1.0,1.0,1.0,1.0,1.0,3.0,24
14381,0,704000,11,64000,1.9,8,8,63.6,25.0,1.0,6.0,5.0,1.0,1.0,10.0,1.0,24
14411,0,2814070,27,104225,2.1,21,17,7.4,64.7,7.0,6.0,4.0,10.0,2.0,10.0,15.0,13
14598,0,1380900,12,115075,2.0,8,7,50.0,14.3,8.0,1.0,3.0,1.0,8.0,1.0,4.0,8
14412,0,1015000,22,46136,1.5,15,12,22.7,16.7,4.0,2.0,2.0,14.0,4.0,15.0,3.0,24
14430,0,2313766,40,57844,1.6,30,16,2.5,50.0,15.0,11.0,3.0,11.0,10.0,20.0,10.0,13
14441,0,1202353,28,42941,1.2,18,24,25.0,8.3,5.0,11.0,12.0,1.0,22.0,5.0,1.0,14
14443,0,3042300,15,202820,2.1,15,8,6.7,37.5,8.0,5.0,1.0,2.0,1.0,6.0,8.0,7
14447,0,3912652,52,75243,1.2,26,31,11.5,45.2,21.0,14.0,10.0,7.0,1.0,19.0,33.0,21
14452,0,908200,20,45410,1.7,12,13,35.0,23.1,13.0,1.0,5.0,2.0,1.0,12.0,7.0,24
14478,0,507400,7,72486,1.9,7,5,14.3,60.0,1.0,2.0,1.0,4.0,1.0,1.0,7.0,24
14479,0,1504400,20,75220,1.4,16,12,15.0,91.7,2.0,2.0,8.0,8.0,7.0,1.0,12.0,12
14563,0,602400,20,30120,1.0,12,15,40.0,20.0,9.0,3.0,5.0,3.0,1.0,1.0,19.0,24
14572,0,465700,5,93140,1.8,4,2,20.0,100.0,1.0,3.0,2.0,1.0,1.0,3.0,2.0,24
14574,0,414740,12,34562,2.2,7,5,58.3,60.0,3.0,3.0,1.0,6.0,1.0,9.0,3.0,24
14578,0,73000,1,73000,1.0,1,1,100.0,0.0,1.0,1.0,1.0,1.0,1.0,1.0,2.0,24
14583,0,7187257,85,84556,1.9,54,57,2.4,35.1,25.0,18.0,24.0,18.0,10.0,23.0,52.0,19
14591,0,132000,4,33000,1.0,4,2,50.0,0.0,4.0,1.0,1.0,1.0,2.0,1.0,2.0,13
15037,0,440900,10,44090,2.0,6,6,40.0,33.3,1.0,9.0,1.0,1.0,2.0,7.0,1.0,14
15064,0,571000,10,57100,1.6,6,5,10.0,60.0,1.0,1.0,8.0,2.0,4.0,1.0,6.0,14
16008,0,3138400,44,71327,1.8,30,23,11.4,47.8,8.0,20.0,16.0,1.0,7.0,18.0,19.0,11
15779,0,203000,3,67667,2.3,3,3,33.3,33.3,1.0,1.0,2.0,1.0,1.0,2.0,1.0,9
15509,0,149000,2,74500,2.0,1,2,100.0,50.0,1.0,1.0,1.0,1.0,2.0,1.0,2.0,24
15513,0,3988327,47,84858,3.6,26,19,6.4,63.2,7.0,2.0,16.0,22.0,12.0,17.0,18.0,9
15521,0,3544700,26,136335,2.3,21,15,3.8,66.7,8.0,3.0,8.0,7.0,1.0,6.0,19.0,19
15579,0,644600,10,64460,1.6,7,3,30.0,0.0,1.0,3.0,4.0,3.0,1.0,10.0,2.0,12
15587,0,1508549,15,100570,1.9,13,10,20.0,80.0,7.0,5.0,2.0,1.0,1.0,11.0,4.0,24
15589,0,6739956,55,122545,2.3,38,26,20.0,69.2,13.0,17.0,16.0,9.0,11.0,16.0,28.0,22
15610,0,695472,16,43467,1.5,8,13,25.0,38.5,4.0,2.0,2.0,8.0,1.0,5.0,10.0,12
15638,0,897618,12,74802,1.8,12,5,25.0,80.0,1.0,7.0,5.0,1.0,1.0,1.0,11.0,6
15660,0,4599616,133,34584,1.5,47,47,15.0,29.8,26.0,24.0,25.0,58.0,13.0,19.0,101.0,6
15663,0,3792565,74,51251,1.4,41,40,8.1,22.5,23.0,10.0,20.0,21.0,4.0,30.0,40.0,14
15682,0,278084,7,39726,1.6,6,4,28.6,25.0,3.0,1.0,1.0,3.0,1.0,5.0,2.0,14
15702,0,1599112,37,43219,1.8,29,20,13.5,15.0,15.0,9.0,8.0,5.0,1.0,12.0,25.0,24
15715,0,1853820,19,97569,1.7,17,18,26.3,44.4,3.0,8.0,3.0,5.0,1.0,11.0,8.0,12
15736,0,646000,4,161500,2.5,1,4,0.0,0.0,1.0,2.0,1.0,1.0,1.0,2.0,2.0,24
15789,0,995775,12,82981,1.8,10,9,8.3,11.1,1.0,6.0,6.0,1.0,3.0,8.0,1.0,14
15499,0,185700,5,37140,1.0,5,2,20.0,50.0,1.0,1.0,1.0,5.0,1.0,2.0,3.0,7
15801,0,779900,5,155980,1.8,4,4,20.0,50.0,1.0,1.0,2.0,3.0,2.0,2.0,1.0,14
15820,0,2414361,13,185720,1.2,9,8,0.0,25.0,1.0,9.0,3.0,1.0,4.0,2.0,7.0,24
15832,0,200700,4,50175,1.0,4,2,0.0,0.0,1.0,1.0,4.0,1.0,1.0,1.0,4.0,12
15857,0,826400,8,103300,2.5,6,4,0.0,50.0,2.0,2.0,1.0,4.0,1.0,1.0,7.0,22
15864,0,14676862,168,87362,1.2,85,88,10.7,34.1,30.0,54.0,43.0,41.0,9.0,128.0,31.0,12
15868,0,1155665,12,96305,1.9,6,7,8.3,57.1,5.0,2.0,5.0,1.0,1.0,1.0,11.0,12
15875,0,7508640,16,469290,2.7,13,11,50.0,36.4,5.0,9.0,2.0,1.0,1.0,5.0,10.0,8
15913,0,299000,4,74750,1.0,3,3,50.0,66.7,1.0,2.0,2.0,1.0,1.0,1.0,3.0,15
15934,0,42000,3,14000,1.0,2,2,0.0,50.0,1.0,1.0,3.0,1.0,2.0,1.0,2.0,19
15941,0,2084850,23,90646,1.9,13,11,17.4,9.1,13.0,3.0,6.0,1.0,1.0,6.0,17.0,14
15947,0,1670545,25,66822,1.8,13,15,12.0,13.3,6.0,8.0,11.0,1.0,5.0,9.0,11.0,5
15964,0,714100,14,51007,1.0,7,9,42.9,22.2,6.0,1.0,1.0,8.0,1.0,6.0,8.0,24
15995,0,424400,10,42440,2.3,6,8,0.0,0.0,2.0,1.0,1.0,7.0,3.0,1.0,7.0,3
16000,0,4203204,41,102517,2.2,23,18,12.2,11.1,14.0,17.0,10.0,1.0,1.0,4.0,37.0,24
15508,0,463689,26,17834,1.2,19,15,0.0,33.3,7.0,1.0,2.0,16.0,1.0,11.0,15.0,9
15405,0,1488600,12,124050,1.3,10,12,16.7,8.3,3.0,1.0,4.0,4.0,1.0,4.0,7.0,12
15069,0,3718216,70,53117,1.5,27,40,11.4,25.0,19.0,15.0,18.0,18.0,9.0,33.0,28.0,14
15219,0,144000,5,28800,1.0,5,2,0.0,100.0,1.0,1.0,1.0,5.0,1.0,1.0,4.0,24
15076,0,1962540,13,150965,2.2,10,6,0.0,33.3,1.0,2.0,1.0,10.0,1.0,4.0,9.0,13
15087,0,587000,7,83857,2.1,5,6,28.6,0.0,3.0,1.0,1.0,3.0,1.0,5.0,2.0,24
15098,0,361000,9,40111,1.2,5,6,11.1,16.7,2.0,7.0,1.0,1.0,1.0,8.0,1.0,24
15101,0,766769,6,127795,2.0,5,5,0.0,80.0,1.0,1.0,4.0,1.0,1.0,1.0,6.0,14
15112,0,11743260,134,87636,2.0,67,65,5.2,9.2,34.0,23.0,44.0,33.0,25.0,28.0,81.0,11
15126,0,376570,16,23536,1.1,8,6,25.0,66.7,4.0,10.0,1.0,2.0,4.0,7.0,5.0,14
15128,0,2247800,23,97730,1.7,19,13,34.8,53.8,8.0,4.0,1.0,10.0,1.0,8.0,14.0,1
15132,0,356100,6,59350,2.7,5,3,16.7,33.3,6.0,1.0,1.0,1.0,2.0,1.0,3.0,19
15173,0,914540,9,101616,1.0,8,7,33.3,42.9,1.0,7.0,1.0,1.0,1.0,3.0,6.0,24
15176,0,6460450,30,215348,3.0,20,18,10.0,27.8,12.0,9.0,9.0,1.0,6.0,8.0,16.0,24
15179,0,799400,15,53293,1.9,11,10,20.0,70.0,6.0,2.0,2.0,5.0,1.0,8.0,7.0,11
15186,0,768000,7,109714,2.1,6,3,14.3,66.7,1.0,1.0,1.0,7.0,1.0,1.0,7.0,19
15191,0,3089900,21,147138,2.6,18,14,9.5,42.9,3.0,4.0,6.0,8.0,5.0,6.0,10.0,24
15207,0,319405,13,24570,1.0,10,8,7.7,0.0,2.0,6.0,1.0,5.0,1.0,7.0,6.0,7
15220,0,968400,7,138343,1.9,6,4,28.6,50.0,1.0,1.0,2.0,4.0,1.0,1.0,6.0,12
15404,0,1126428,20,56321,1.2,14,17,5.0,29.4,3.0,10.0,7.0,1.0,5.0,5.0,10.0,11
15226,0,577700,15,38513,2.2,7,11,6.7,45.5,4.0,4.0,1.0,6.0,4.0,8.0,3.0,12
15237,0,1442500,25,57700,1.9,11,12,36.0,0.0,1.0,6.0,7.0,12.0,2.0,4.0,19.0,24
15238,0,15976938,123,129894,5.2,57,73,7.3,1.4,25.0,40.0,36.0,22.0,14.0,37.0,72.0,14
15260,0,4554900,36,126525,2.1,24,25,5.6,32.0,4.0,18.0,6.0,8.0,2.0,3.0,31.0,19
15261,0,3610000,9,401111,2.8,6,5,0.0,40.0,6.0,1.0,3.0,1.0,1.0,1.0,8.0,19
15298,0,1921781,25,76871,2.0,20,17,16.0,17.6,8.0,7.0,5.0,5.0,2.0,1.0,22.0,24
15321,0,1796570,41,43819,1.7,27,31,7.3,38.7,5.0,16.0,14.0,6.0,12.0,14.0,15.0,24
15322,0,229400,4,57350,1.0,4,4,25.0,50.0,1.0,1.0,4.0,1.0,2.0,1.0,2.0,24
15336,0,2032200,17,119541,1.4,11,12,0.0,33.3,3.0,7.0,4.0,3.0,6.0,3.0,8.0,24
15338,0,2491900,24,103829,2.5,19,16,12.5,12.5,9.0,4.0,7.0,4.0,1.0,10.0,13.0,12
15359,0,1345788,69,19504,1.5,27,40,17.4,17.5,11.0,13.0,34.0,11.0,22.0,2.0,45.0,14
15378,0,1867582,15,124505,1.9,10,10,6.7,40.0,3.0,1.0,6.0,5.0,4.0,1.0,11.0,13
15394,0,401182,8,50148,1.8,8,7,12.5,28.6,2.0,1.0,2.0,4.0,1.0,6.0,2.0,12
15399,0,478000,6,79667,1.7,6,6,16.7,50.0,2.0,1.0,1.0,2.0,1.0,2.0,3.0,11
14199,0,388700,7,55529,1.9,6,6,42.9,16.7,1.0,1.0,1.0,6.0,1.0,1.0,6.0,3
14176,0,2009533,9,223281,1.9,9,5,22.2,20.0,1.0,2.0,7.0,1.0,1.0,5.0,3.0,8
14168,0,1445530,35,41301,1.5,15,25,11.4,48.0,5.0,7.0,14.0,9.0,2.0,13.0,20.0,14
13005,0,847766,11,77070,1.2,10,8,0.0,75.0,1.0,2.0,6.0,2.0,1.0,6.0,4.0,3
12878,0,266000,2,133000,3.0,2,1,50.0,0.0,1.0,1.0,2.0,1.0,1.0,2.0,2.0,23
12897,0,1234200,27,45711,1.5,18,12,7.4,66.7,11.0,1.0,16.0,1.0,2.0,4.0,21.0,12
12916,0,51000,2,25500,1.0,2,2,50.0,0.0,2.0,1.0,1.0,1.0,1.0,2.0,2.0,14
12922,0,2240962,42,53356,1.7,25,21,19.0,61.9,8.0,14.0,14.0,6.0,1.0,14.0,27.0,24
12930,0,189224,3,63075,1.0,3,3,33.3,33.3,1.0,1.0,1.0,1.0,1.0,2.0,1.0,12
12933,0,1937500,20,96875,2.1,14,14,15.0,21.4,3.0,2.0,13.0,2.0,6.0,1.0,13.0,24
12950,0,1922900,24,80121,1.4,17,14,20.8,57.1,6.0,4.0,7.0,7.0,7.0,7.0,10.0,24
12953,0,1027600,13,79046,2.1,7,12,53.8,58.3,2.0,6.0,3.0,2.0,1.0,7.0,5.0,24
12954,0,3434103,77,44599,1.1,33,36,9.1,47.2,25.0,19.0,14.0,19.0,14.0,23.0,40.0,14
12965,0,7811400,43,181660,1.8,29,20,4.7,10.0,17.0,7.0,7.0,12.0,13.0,13.0,17.0,6
12971,0,321000,5,64200,1.8,5,3,20.0,33.3,1.0,1.0,5.0,1.0,1.0,4.0,1.0,24
12979,0,951000,12,79250,1.7,10,3,0.0,33.3,10.0,1.0,2.0,1.0,7.0,1.0,5.0,2
12986,0,52000,1,52000,1.0,1,1,100.0,100.0,1.0,1.0,1.0,1.0,1.0,1.0,2.0,24
12992,0,261000,2,130500,1.0,2,2,50.0,0.0,1.0,2.0,1.0,1.0,1.0,1.0,1.0,13
13015,0,415200,8,51900,1.8,6,4,25.0,0.0,4.0,1.0,1.0,3.0,3.0,1.0,5.0,24
12842,0,830000,19,43684,2.2,11,7,26.3,42.9,11.0,1.0,1.0,6.0,6.0,10.0,3.0,3
13025,0,3158552,59,53535,2.0,28,47,8.5,21.3,15.0,21.0,11.0,12.0,32.0,2.0,25.0,14
13028,0,980170,14,70012,1.6,13,9,21.4,88.9,4.0,9.0,1.0,1.0,1.0,7.0,7.0,13
13033,0,1525100,21,72624,1.7,15,17,4.8,11.8,3.0,4.0,9.0,5.0,4.0,15.0,2.0,3
13038,0,379320,11,34484,1.2,11,6,9.1,50.0,1.0,6.0,1.0,4.0,1.0,1.0,10.0,12
13064,0,2279300,45,50651,1.8,27,28,4.4,60.7,10.0,8.0,13.0,14.0,3.0,16.0,26.0,11
13113,0,1709000,23,74304,1.0,17,5,8.7,40.0,1.0,1.0,1.0,22.0,1.0,15.0,8.0,13
13122,0,649200,11,59018,2.3,9,7,9.1,0.0,1.0,1.0,10.0,1.0,2.0,4.0,5.0,19
13128,0,550200,7,78600,1.0,6,4,0.0,0.0,1.0,5.0,1.0,1.0,1.0,1.0,5.0,13
13143,0,1620068,28,57860,1.5,16,17,10.7,29.4,7.0,6.0,11.0,4.0,1.0,14.0,14.0,24
13184,0,3061700,27,113396,1.7,20,14,7.4,64.3,12.0,1.0,7.0,7.0,7.0,6.0,14.0,19
13201,0,933900,14,66707,2.6,10,4,14.3,75.0,4.0,1.0,1.0,9.0,1.0,10.0,3.0,24
13208,0,752000,6,125333,2.3,5,4,16.7,25.0,5.0,1.0,1.0,1.0,1.0,1.0,5.0,11
13219,0,5727379,83,69005,1.8,26,42,8.4,35.7,25.0,18.0,20.0,20.0,20.0,30.0,33.0,14
13226,0,1986936,23,86389,2.4,17,16,4.3,37.5,10.0,2.0,1.0,10.0,1.0,10.0,13.0,23
12863,0,1579840,19,83149,1.7,16,8,10.5,50.0,7.0,7.0,5.0,1.0,1.0,3.0,16.0,7
12837,0,1158600,16,72412,1.0,13,9,25.0,33.3,9.0,1.0,5.0,1.0,2.0,1.0,13.0,24
14151,0,2981648,25,119266,2.0,18,16,0.0,50.0,2.0,6.0,8.0,9.0,14.0,5.0,6.0,6
12619,0,1548900,7,221271,2.3,4,5,0.0,40.0,2.0,3.0,2.0,1.0,1.0,1.0,6.0,15
12472,0,1091800,15,72787,2.2,11,11,20.0,9.1,4.0,2.0,9.0,1.0,4.0,1.0,10.0,7
12479,0,4344231,50,86885,1.6,33,25,0.0,60.0,7.0,13.0,23.0,7.0,3.0,20.0,27.0,6
12488,0,2184780,46,47495,1.6,17,21,0.0,76.2,27.0,1.0,5.0,13.0,3.0,11.0,32.0,14
12490,0,1110300,13,85408,2.2,11,11,30.8,45.5,2.0,3.0,2.0,6.0,7.0,1.0,5.0,24
12493,0,285950,9,31772,1.0,6,7,11.1,14.3,1.0,8.0,1.0,1.0,1.0,1.0,9.0,13
12521,0,819600,10,81960,1.9,9,9,10.0,33.3,1.0,7.0,3.0,1.0,5.0,2.0,3.0,11
12542,0,538600,14,38471,2.0,11,9,14.3,77.8,4.0,4.0,1.0,6.0,1.0,6.0,7.0,16
12543,0,17441449,68,256492,2.3,28,32,39.7,31.2,12.0,18.0,11.0,27.0,6.0,8.0,54.0,8
12544,0,2186554,10,218655,1.4,9,5,10.0,80.0,1.0,5.0,1.0,5.0,1.0,7.0,2.0,3
12550,0,5309823,114,46577,2.0,47,29,4.4,34.5,11.0,36.0,35.0,32.0,30.0,32.0,52.0,13
12564,0,630000,1,630000,10.0,1,1,0.0,0.0,1.0,1.0,1.0,1.0,1.0,1.0,2.0,24
12571,0,3030600,25,121224,2.6,14,14,0.0,71.4,8.0,13.0,1.0,4.0,5.0,10.0,10.0,11
12576,0,750591,20,37530,1.0,6,19,0.0,15.8,1.0,8.0,7.0,5.0,16.0,1.0,3.0,14
12611,0,1025600,19,53979,1.8,18,10,5.3,30.0,2.0,6.0,1.0,11.0,1.0,7.0,12.0,13
12621,0,789000,6,131500,5.8,4,3,33.3,33.3,1.0,2.0,1.0,4.0,1.0,1.0,5.0,13
12830,0,1349500,24,56229,1.2,19,20,0.0,30.0,3.0,7.0,4.0,10.0,1.0,13.0,11.0,11
12638,0,2739270,26,105357,1.7,20,17,19.2,23.5,8.0,5.0,6.0,7.0,3.0,5.0,18.0,24
12641,0,2833600,20,141680,2.5,19,6,20.0,83.3,7.0,13.0,1.0,1.0,1.0,8.0,12.0,22
12642,0,2592200,21,123438,2.0,14,9,19.0,55.6,16.0,2.0,1.0,2.0,1.0,5.0,16.0,16
12661,0,1350000,30,45000,2.1,21,21,16.7,57.1,2.0,11.0,7.0,10.0,1.0,17.0,13.0,24
12672,0,1372690,30,45756,1.6,22,19,13.3,36.8,1.0,5.0,16.0,8.0,1.0,25.0,5.0,11
12730,0,3434211,58,59211,1.0,26,37,20.7,37.8,11.0,15.0,23.0,9.0,6.0,13.0,39.0,14
12739,0,1410670,14,100762,1.1,9,11,21.4,9.1,1.0,2.0,8.0,4.0,1.0,8.0,5.0,13
12772,0,3373800,28,120493,2.5,23,11,0.0,36.4,6.0,4.0,4.0,14.0,1.0,9.0,19.0,23
12784,0,222500,4,55625,1.0,4,3,0.0,33.3,1.0,4.0,1.0,1.0,1.0,1.0,4.0,21
12798,0,1414000,13,108769,1.8,11,9,15.4,33.3,2.0,5.0,3.0,3.0,1.0,4.0,9.0,24
12804,0,433900,5,86780,1.4,4,5,40.0,60.0,2.0,2.0,1.0,1.0,4.0,1.0,1.0,24
12807,0,504100,13,38777,1.6,11,8,23.1,62.5,1.0,7.0,2.0,4.0,1.0,6.0,7.0,7
12808,0,519700,10,51970,2.6,7,3,10.0,33.3,2.0,1.0,1.0,8.0,1.0,7.0,3.0,15
12821,0,519100,9,57678,1.0,5,6,22.2,16.7,4.0,1.0,3.0,1.0,3.0,1.0,5.0,14
13232,0,4682200,35,133777,4.9,17,11,37.1,81.8,6.0,10.0,7.0,12.0,1.0,19.0,16.0,24
13243,0,5492900,67,81984,2.6,22,29,16.4,34.5,11.0,24.0,14.0,18.0,22.0,2.0,43.0,19
13274,0,2835400,17,166788,2.4,15,10,23.5,60.0,11.0,3.0,1.0,2.0,1.0,3.0,13.0,24
13966,0,1208900,10,120890,1.0,9,7,0.0,14.3,5.0,1.0,5.0,1.0,1.0,3.0,6.0,24
13720,0,227000,3,75667,1.0,3,2,33.3,50.0,1.0,1.0,3.0,1.0,1.0,1.0,2.0,24
13725,0,716200,17,42129,1.5,11,6,23.5,0.0,7.0,3.0,1.0,7.0,1.0,4.0,13.0,24
13757,0,325620,10,32562,1.4,10,8,20.0,37.5,4.0,1.0,4.0,1.0,1.0,1.0,9.0,7
13797,0,406400,6,67733,2.0,6,4,33.3,25.0,1.0,4.0,1.0,1.0,1.0,2.0,4.0,24
13798,0,3178000,28,113500,2.3,17,20,10.7,10.0,9.0,12.0,2.0,5.0,4.0,15.0,9.0,11
13800,0,1541962,36,42832,1.4,13,20,0.0,70.0,6.0,5.0,8.0,17.0,1.0,14.0,21.0,14
13801,0,369940,8,46242,1.0,5,8,25.0,37.5,1.0,5.0,3.0,1.0,1.0,3.0,5.0,13
13817,0,1165400,14,83243,1.9,10,9,14.3,55.6,4.0,2.0,2.0,6.0,1.0,9.0,4.0,11
13819,0,217100,6,36183,1.3,6,3,0.0,66.7,1.0,4.0,1.0,2.0,3.0,1.0,3.0,11
13864,0,2285700,18,126983,1.0,13,10,22.2,20.0,9.0,4.0,2.0,3.0,3.0,1.0,14.0,24
13869,0,5972600,67,89143,1.7,39,41,9.0,39.0,16.0,22.0,17.0,12.0,3.0,52.0,12.0,10
13874,0,3626341,91,39850,1.4,39,57,4.4,17.5,18.0,28.0,34.0,11.0,4.0,61.0,26.0,14
13902,0,1014500,20,50725,1.4,14,15,45.0,6.7,6.0,2.0,3.0,9.0,1.0,10.0,10.0,13
13904,0,583900,7,83414,1.9,6,5,14.3,60.0,2.0,1.0,2.0,3.0,3.0,1.0,4.0,12
13967,0,1468842,39,37663,1.1,31,25,5.1,0.0,7.0,12.0,8.0,12.0,3.0,5.0,31.0,13
13298,0,526081,7,75154,1.3,4,7,0.0,28.6,3.0,1.0,2.0,2.0,1.0,1.0,5.0,14
13968,0,2232774,97,23018,1.3,18,45,10.3,26.7,8.0,17.0,59.0,13.0,1.0,65.0,31.0,14
13979,0,2301620,23,100070,1.1,19,15,0.0,33.3,6.0,9.0,7.0,1.0,2.0,18.0,3.0,12
13983,0,1132768,48,23599,1.3,15,30,6.2,33.3,10.0,6.0,8.0,24.0,5.0,6.0,37.0,14
14012,0,2630000,4,657500,2.5,4,4,50.0,50.0,1.0,1.0,1.0,1.0,1.0,1.0,3.0,13
14063,0,583765,15,38918,1.0,14,10,13.3,20.0,7.0,1.0,3.0,5.0,6.0,1.0,9.0,13
14100,0,74840,3,24947,1.0,3,3,33.3,66.7,1.0,3.0,1.0,1.0,1.0,1.0,2.0,24
14101,0,170000,1,170000,3.0,1,1,0.0,0.0,1.0,1.0,1.0,1.0,1.0,1.0,1.0,24
14117,0,497500,17,29265,2.1,13,9,5.9,77.8,7.0,1.0,1.0,10.0,1.0,7.0,9.0,13
14121,0,2295627,35,65589,2.0,24,18,5.7,22.2,6.0,6.0,17.0,6.0,15.0,1.0,19.0,13
14122,0,1069750,20,53488,1.4,12,9,30.0,44.4,2.0,3.0,10.0,5.0,1.0,9.0,11.0,24
14123,0,2534800,13,194985,1.5,11,8,30.8,12.5,5.0,7.0,1.0,1.0,2.0,1.0,10.0,24
14125,0,1609056,16,100566,1.2,10,4,0.0,25.0,1.0,1.0,1.0,15.0,3.0,8.0,5.0,14
14131,0,932300,18,51794,1.7,16,13,5.6,38.5,6.0,4.0,2.0,6.0,1.0,4.0,14.0,11
14150,0,2087014,27,77297,2.1,13,17,44.4,11.8,9.0,6.0,1.0,11.0,1.0,2.0,24.0,14
13718,0,319000,6,53167,2.0,5,4,0.0,50.0,4.0,2.0,1.0,1.0,1.0,2.0,4.0,22
13695,0,801000,17,47118,1.9,9,13,0.0,30.8,2.0,2.0,5.0,8.0,1.0,5.0,11.0,19
13690,0,1629125,36,45253,1.1,23,21,27.8,42.9,10.0,1.0,7.0,19.0,2.0,33.0,1.0,24
13689,0,1129820,10,112982,1.1,8,4,20.0,50.0,1.0,1.0,9.0,1.0,1.0,4.0,5.0,18
13306,0,3520685,61,57716,1.9,24,25,8.2,40.0,1.0,14.0,41.0,6.0,6.0,21.0,34.0,14
13321,0,1018900,12,84908,1.7,9,10,25.0,70.0,1.0,2.0,3.0,6.0,2.0,4.0,6.0,24
13322,0,558000,7,79714,2.4,4,2,42.9,0.0,1.0,1.0,7.0,1.0,1.0,1.0,7.0,18
13327,0,287000,6,47833,1.3,6,4,33.3,0.0,1.0,4.0,1.0,1.0,1.0,3.0,3.0,24
13368,0,169020,7,24146,1.0,4,5,0.0,20.0,1.0,2.0,1.0,4.0,1.0,1.0,6.0,13
13408,0,2706535,42,64441,1.9,23,29,2.4,37.9,1.0,26.0,16.0,1.0,7.0,18.0,17.0,11
13421,0,8325100,87,95691,1.9,54,42,25.3,33.3,30.0,24.0,16.0,17.0,30.0,4.0,53.0,24
13422,0,576520,4,144130,1.5,4,3,0.0,33.3,1.0,1.0,1.0,3.0,1.0,2.0,1.0,10
13443,0,2230049,38,58686,1.5,21,24,13.2,12.5,13.0,4.0,5.0,16.0,4.0,4.0,30.0,14
13450,0,875093,25,35004,1.5,18,19,8.0,21.1,8.0,13.0,4.0,1.0,10.0,2.0,13.0,13
13453,0,374034,15,24936,1.1,8,7,6.7,85.7,6.0,3.0,1.0,6.0,1.0,2.0,13.0,14
13455,0,742042,20,37102,1.4,11,13,15.0,46.2,6.0,1.0,5.0,8.0,1.0,12.0,7.0,14
13470,0,3835620,37,103665,2.1,15,21,10.8,42.9,7.0,15.0,10.0,5.0,3.0,2.0,32.0,13
13499,0,2340258,34,68831,1.6,23,20,2.9,60.0,4.0,5.0,5.0,20.0,1.0,24.0,10.0,14
13512,0,645800,10,64580,1.0,6,5,20.0,80.0,5.0,1.0,3.0,2.0,5.0,1.0,5.0,24
13548,0,1713319,22,77878,1.1,20,12,9.1,33.3,1.0,7.0,1.0,13.0,3.0,2.0,17.0,9
13557,0,880051,20,44003,1.9,9,18,0.0,5.6,11.0,7.0,1.0,1.0,6.0,1.0,13.0,24
13567,0,1397726,40,34943,1.8,18,23,2.5,34.8,12.0,11.0,2.0,15.0,8.0,12.0,20.0,14
13574,0,427080,7,61011,2.0,6,6,0.0,16.7,4.0,1.0,1.0,2.0,2.0,2.0,3.0,24
13575,0,1531473,21,72927,1.6,10,12,0.0,8.3,7.0,2.0,1.0,11.0,1.0,8.0,12.0,14
13579,0,5864465,83,70656,1.8,49,57,14.5,24.6,15.0,23.0,21.0,24.0,7.0,26.0,50.0,12
13589,0,6773560,85,79689,2.7,56,45,16.5,71.1,22.0,25.0,28.0,10.0,13.0,16.0,56.0,12
13601,0,1046990,15,69799,1.7,10,9,20.0,11.1,6.0,1.0,3.0,6.0,4.0,2.0,9.0,14
13606,0,4274730,61,70078,1.3,34,34,31.1,88.2,15.0,24.0,11.0,11.0,1.0,38.0,22.0,14
13608,0,1696850,19,89308,1.7,17,11,10.5,54.5,2.0,2.0,5.0,10.0,1.0,1.0,19.0,9
13644,0,3607994,23,156869,2.6,15,12,39.1,50.0,2.0,12.0,7.0,2.0,2.0,4.0,17.0,24
13649,0,257800,7,36829,1.3,5,2,14.3,100.0,4.0,1.0,3.0,1.0,1.0,1.0,7.0,13
13666,0,4512600,77,58605,1.6,37,55,11.7,27.3,23.0,12.0,5.0,37.0,11.0,46.0,20.0,9
13686,0,523800,8,65475,1.5,6,7,12.5,71.4,1.0,1.0,1.0,6.0,1.0,3.0,4.0,24
16007,0,565598,12,47133,1.0,10,7,0.0,28.6,6.0,1.0,3.0,2.0,1.0,9.0,2.0,13
16025,0,9405260,77,122146,2.4,27,45,6.5,22.2,29.0,16.0,14.0,18.0,32.0,8.0,37.0,14
19779,0,2908127,38,76530,1.8,23,15,15.8,13.3,17.0,20.0,1.0,1.0,8.0,6.0,24.0,14
18436,0,452100,9,50233,2.6,7,3,44.4,33.3,1.0,1.0,9.0,1.0,1.0,3.0,6.0,8
18211,0,443900,9,49322,1.7,9,5,11.1,40.0,1.0,3.0,5.0,1.0,2.0,2.0,5.0,13
18223,0,333400,5,66680,1.4,5,3,0.0,33.3,2.0,1.0,3.0,1.0,1.0,1.0,5.0,24
18233,0,559600,3,186533,1.7,3,2,33.3,0.0,1.0,1.0,3.0,1.0,1.0,1.0,1.0,19
18237,0,4399648,35,125704,1.2,22,24,20.0,20.8,10.0,9.0,5.0,11.0,1.0,15.0,19.0,13
18242,0,1203900,21,57329,1.2,16,17,23.8,29.4,8.0,1.0,3.0,10.0,5.0,8.0,8.0,24
18249,0,217000,2,108500,2.0,2,1,100.0,0.0,2.0,1.0,1.0,1.0,1.0,1.0,2.0,24
18275,0,793363,17,46668,1.6,11,12,29.4,33.3,7.0,1.0,2.0,8.0,2.0,6.0,9.0,14
18287,0,2899249,45,64428,2.0,21,22,4.4,40.9,10.0,5.0,13.0,17.0,4.0,16.0,25.0,11
18355,0,1138800,11,103527,2.3,11,7,9.1,42.9,5.0,1.0,1.0,5.0,1.0,2.0,9.0,12
18375,0,412000,11,37455,1.4,7,8,9.1,25.0,4.0,1.0,3.0,4.0,1.0,2.0,9.0,9
18387,0,123000,2,61500,2.0,2,2,50.0,0.0,1.0,1.0,2.0,1.0,1.0,1.0,1.0,13
18402,0,736499,15,49100,1.3,7,12,20.0,25.0,4.0,4.0,3.0,4.0,1.0,5.0,9.0,14
18418,0,206278,11,18753,1.0,4,8,9.1,37.5,5.0,1.0,1.0,4.0,1.0,1.0,10.0,14
18433,0,292000,4,73000,2.5,4,3,0.0,66.7,1.0,1.0,3.0,1.0,1.0,1.0,3.0,21
18440,0,134000,2,67000,3.0,2,1,50.0,100.0,2.0,1.0,1.0,1.0,1.0,1.0,2.0,7
18200,0,2652500,20,132625,2.1,16,13,10.0,61.5,7.0,2.0,8.0,3.0,2.0,2.0,16.0,5
18451,0,524000,10,52400,1.4,9,10,10.0,30.0,3.0,4.0,2.0,1.0,2.0,4.0,4.0,13
18461,0,586200,10,58620,1.4,9,7,0.0,42.9,3.0,1.0,7.0,1.0,3.0,3.0,4.0,13
18467,0,887265,13,68251,2.1,9,10,30.8,60.0,3.0,1.0,3.0,7.0,1.0,4.0,9.0,24
18490,0,3757200,36,104367,2.4,25,24,8.3,58.3,4.0,10.0,12.0,10.0,8.0,8.0,20.0,11
18533,0,12319188,114,108063,2.3,45,43,18.4,39.5,29.0,9.0,32.0,44.0,7.0,45.0,62.0,11
18535,0,640600,14,45757,1.0,11,12,21.4,41.7,3.0,2.0,6.0,3.0,3.0,2.0,9.0,24
18598,0,303900,11,27627,1.2,7,5,9.1,60.0,7.0,1.0,2.0,1.0,1.0,1.0,11.0,3
18601,0,1066452,32,33327,1.1,15,20,3.1,45.0,4.0,1.0,4.0,23.0,1.0,16.0,15.0,14
18615,0,4075900,38,107261,1.9,28,20,23.7,40.0,13.0,4.0,3.0,18.0,1.0,7.0,30.0,24
18623,0,120800,3,40267,1.0,3,2,0.0,50.0,2.0,1.0,1.0,1.0,1.0,1.0,2.0,16
18656,0,6716515,69,97341,1.1,28,43,15.9,27.9,21.0,19.0,20.0,9.0,18.0,1.0,51.0,14
18765,0,554000,9,61556,1.0,8,8,22.2,25.0,1.0,8.0,1.0,1.0,6.0,1.0,2.0,24
18768,0,2061533,32,64423,1.7,15,13,3.1,69.2,9.0,15.0,5.0,3.0,1.0,28.0,4.0,14
18772,0,2686710,29,92645,1.3,25,16,10.3,43.8,5.0,12.0,6.0,6.0,4.0,1.0,24.0,13
18201,0,162020,4,40505,1.5,4,3,50.0,0.0,1.0,1.0,3.0,1.0,1.0,3.0,2.0,24
18193,0,2023450,30,67448,1.5,23,18,0.0,44.4,14.0,4.0,9.0,3.0,6.0,4.0,20.0,13
18779,0,1804335,27,66827,1.5,17,13,14.8,53.8,1.0,1.0,11.0,16.0,1.0,10.0,16.0,14
18016,0,7142270,111,64345,1.5,44,51,13.5,19.6,33.0,47.0,26.0,5.0,22.0,22.0,67.0,14
17892,0,2637172,44,59936,1.8,18,20,2.3,35.0,17.0,11.0,9.0,7.0,6.0,3.0,35.0,14
17898,0,2374451,33,71953,1.4,11,22,6.1,40.9,7.0,7.0,8.0,11.0,1.0,23.0,9.0,24
17899,0,44600,2,22300,1.0,2,1,50.0,100.0,1.0,1.0,1.0,2.0,1.0,1.0,2.0,23
17900,0,1137700,9,126411,2.6,9,5,11.1,20.0,4.0,1.0,5.0,1.0,1.0,4.0,5.0,16
17901,0,1087100,19,57216,1.0,13,12,0.0,33.3,6.0,13.0,1.0,1.0,2.0,10.0,7.0,12
17903,0,1191778,14,85127,2.1,4,14,0.0,21.4,5.0,4.0,1.0,4.0,4.0,7.0,3.0,24
17918,0,2605560,33,78956,1.0,22,20,21.2,55.0,8.0,6.0,6.0,13.0,10.0,4.0,19.0,13
17927,0,199000,2,99500,2.0,2,1,0.0,0.0,1.0,1.0,2.0,1.0,1.0,1.0,1.0,10
17955,0,86000,1,86000,1.0,1,1,0.0,0.0,1.0,1.0,1.0,1.0,1.0,1.0,2.0,24
17972,0,1143570,13,87967,2.2,9,9,7.7,55.6,4.0,1.0,7.0,1.0,1.0,6.0,7.0,14
17973,0,549600,7,78514,1.0,3,5,71.4,20.0,1.0,1.0,2.0,3.0,1.0,1.0,6.0,24
17976,0,378914,14,27065,1.2,10,7,7.1,14.3,5.0,4.0,5.0,1.0,1.0,2.0,12.0,12
17996,0,1092300,10,109230,2.5,9,6,0.0,33.3,2.0,1.0,6.0,2.0,1.0,4.0,6.0,19
18011,0,4826997,104,46413,2.3,50,53,17.3,30.2,24.0,27.0,27.0,26.0,43.0,2.0,59.0,14
18022,0,112200,3,37400,1.0,3,3,33.3,33.3,1.0,1.0,1.0,2.0,1.0,1.0,3.0,13
18171,0,1080800,27,40030,1.5,19,14,18.5,42.9,4.0,7.0,11.0,5.0,11.0,1.0,15.0,13
18023,0,1069499,12,89125,1.2,9,8,8.3,62.5,1.0,8.0,1.0,4.0,1.0,9.0,2.0,14
18027,0,4781000,28,170750,2.4,24,12,7.1,33.3,8.0,5.0,7.0,8.0,4.0,4.0,20.0,24
18032,0,1642720,22,74669,2.0,17,14,0.0,35.7,2.0,14.0,4.0,2.0,2.0,12.0,8.0,2
18070,0,2196039,31,70840,1.1,23,24,16.1,29.2,9.0,8.0,10.0,4.0,1.0,5.0,25.0,12
18112,0,222150,8,27769,1.8,5,3,25.0,66.7,1.0,1.0,4.0,3.0,1.0,5.0,3.0,24
18115,0,1619556,29,55847,1.7,15,18,6.9,16.7,7.0,10.0,10.0,2.0,13.0,1.0,16.0,14
18116,0,4988639,54,92382,2.0,30,31,22.2,38.7,17.0,12.0,19.0,6.0,8.0,7.0,39.0,24
18118,0,113000,1,113000,3.0,1,1,100.0,0.0,1.0,1.0,1.0,1.0,1.0,1.0,2.0,24
18128,0,2406220,11,218747,1.9,9,7,9.1,28.6,5.0,2.0,1.0,4.0,2.0,4.0,5.0,10
18134,0,907514,32,28360,1.4,14,16,18.8,62.5,14.0,7.0,1.0,11.0,1.0,22.0,9.0,14
18141,0,3249185,50,64984,2.0,14,35,2.0,31.4,14.0,7.0,10.0,19.0,35.0,1.0,15.0,14
18147,0,706140,9,78460,1.4,6,6,33.3,50.0,5.0,3.0,1.0,1.0,6.0,1.0,3.0,24
18153,0,1634900,13,125762,1.3,8,10,7.7,20.0,1.0,1.0,3.0,8.0,1.0,1.0,12.0,13
18154,0,2108544,28,75305,1.9,17,23,10.7,26.1,9.0,3.0,8.0,8.0,11.0,3.0,14.0,13
18778,0,363000,4,90750,2.5,4,3,25.0,33.3,1.0,1.0,3.0,1.0,1.0,2.0,1.0,13
18787,0,5213618,84,62067,1.7,38,42,1.2,33.3,28.0,35.0,19.0,2.0,5.0,14.0,65.0,14
16030,0,2576820,31,83123,2.5,21,18,3.2,11.1,2.0,7.0,12.0,10.0,8.0,4.0,19.0,9
19504,0,1626496,25,65060,1.2,13,15,20.0,33.3,5.0,6.0,7.0,7.0,6.0,1.0,18.0,13
19252,0,1985016,54,36760,1.3,31,40,14.8,17.5,9.0,15.0,15.0,15.0,6.0,22.0,26.0,14
19253,0,2029624,33,61504,1.5,17,20,6.1,35.0,13.0,6.0,6.0,8.0,5.0,1.0,27.0,14
19262,0,59000,2,29500,1.0,2,1,0.0,100.0,1.0,1.0,1.0,2.0,1.0,1.0,1.0,3
19265,0,8991642,49,183503,1.4,29,16,26.5,68.8,7.0,16.0,17.0,9.0,2.0,10.0,37.0,14
19308,0,4158320,27,154012,1.7,19,10,7.4,70.0,3.0,6.0,9.0,9.0,1.0,8.0,19.0,19
19311,0,372200,6,62033,1.7,4,4,0.0,0.0,4.0,2.0,1.0,1.0,6.0,1.0,2.0,24
19312,0,3378031,71,47578,1.3,48,29,5.6,44.8,15.0,11.0,17.0,28.0,2.0,13.0,56.0,24
19326,0,444600,5,88920,2.2,4,3,0.0,33.3,1.0,1.0,5.0,1.0,1.0,1.0,5.0,9
19355,0,5167529,46,112338,2.3,29,27,4.3,29.6,16.0,6.0,17.0,7.0,5.0,11.0,30.0,11
19376,0,141300,7,20186,1.6,5,6,42.9,33.3,4.0,3.0,1.0,1.0,1.0,1.0,6.0,24
19401,0,62000,1,62000,1.0,1,1,0.0,100.0,1.0,1.0,1.0,1.0,1.0,1.0,1.0,24
19433,0,823700,9,91522,1.9,6,8,22.2,0.0,3.0,2.0,1.0,3.0,2.0,3.0,4.0,24
19446,0,5470311,70,78147,1.5,38,20,2.9,15.0,11.0,7.0,13.0,39.0,14.0,9.0,47.0,12
19487,0,925040,22,42047,1.4,13,12,9.1,41.7,4.0,1.0,13.0,4.0,1.0,11.0,11.0,12
19535,0,4670275,95,49161,1.5,42,42,9.5,23.8,34.0,14.0,14.0,33.0,28.0,31.0,36.0,14
19217,0,809150,16,50572,2.4,10,8,12.5,75.0,8.0,4.0,1.0,4.0,1.0,3.0,13.0,24
19541,0,1188000,9,132000,2.3,9,4,22.2,50.0,7.0,1.0,1.0,1.0,6.0,1.0,3.0,24
19558,0,4155326,40,103883,1.9,28,28,22.5,7.1,15.0,15.0,10.0,1.0,19.0,5.0,16.0,24
19569,0,8628142,77,112054,1.0,29,34,26.0,41.2,15.0,19.0,12.0,31.0,14.0,11.0,52.0,24
19582,0,959500,16,59969,2.0,8,10,37.5,10.0,4.0,3.0,3.0,6.0,2.0,6.0,8.0,24
19604,0,3744180,10,374418,2.5,10,4,30.0,25.0,4.0,6.0,1.0,1.0,1.0,1.0,9.0,8
19652,0,1274700,10,127470,2.4,10,6,10.0,83.3,1.0,5.0,1.0,4.0,1.0,2.0,8.0,24
19666,0,186700,3,62233,1.0,3,3,33.3,0.0,1.0,1.0,1.0,2.0,1.0,1.0,2.0,13
19667,0,1402420,26,53939,1.7,16,14,0.0,50.0,5.0,8.0,12.0,1.0,6.0,5.0,15.0,11
19691,0,2047700,31,66055,2.1,23,11,3.2,63.6,6.0,11.0,7.0,7.0,6.0,2.0,23.0,12
19703,0,6048704,52,116321,1.1,32,17,25.0,52.9,16.0,14.0,9.0,13.0,9.0,12.0,31.0,24
19721,0,3962841,50,79257,1.0,32,28,10.0,46.4,14.0,10.0,8.0,18.0,11.0,15.0,24.0,14
19755,0,792900,18,44050,1.2,17,14,11.1,28.6,3.0,1.0,7.0,7.0,1.0,8.0,10.0,12
19770,0,6013725,29,207370,2.4,14,15,3.4,33.3,12.0,8.0,7.0,2.0,1.0,5.0,24.0,21
19771,0,695900,13,53531,1.9,10,7,23.1,57.1,1.0,3.0,6.0,3.0,1.0,6.0,7.0,24
19222,0,2249900,24,93746,1.0,13,7,12.5,28.6,1.0,1.0,9.0,15.0,3.0,1.0,21.0,13
19214,0,3545502,45,78789,1.3,27,26,4.4,65.4,13.0,16.0,12.0,4.0,1.0,15.0,29.0,14
18807,0,288297,3,96099,1.0,3,2,33.3,0.0,1.0,3.0,1.0,1.0,3.0,1.0,2.0,13
19057,0,5748676,50,114974,2.3,29,19,4.0,21.1,11.0,13.0,11.0,15.0,21.0,2.0,27.0,11
18831,0,729200,16,45575,1.9,7,14,56.2,42.9,2.0,3.0,6.0,5.0,4.0,4.0,8.0,24
18852,0,1060969,28,37892,1.5,15,16,10.7,68.8,4.0,7.0,8.0,9.0,2.0,12.0,14.0,14
18860,0,5813951,22,264270,1.9,15,11,13.6,72.7,4.0,2.0,11.0,5.0,1.0,1.0,22.0,14
18906,0,1422274,20,71114,1.9,14,17,0.0,41.2,2.0,10.0,6.0,2.0,10.0,1.0,10.0,13
18928,0,3772683,47,80270,1.8,32,22,21.3,9.1,15.0,5.0,14.0,13.0,1.0,16.0,31.0,24
18929,0,3102703,59,52588,1.5,22,23,5.1,60.9,8.0,14.0,6.0,31.0,5.0,22.0,32.0,14
18947,0,3315190,47,70536,1.1,33,22,14.9,31.8,21.0,5.0,10.0,11.0,11.0,1.0,35.0,13
18953,0,1909962,23,83042,1.2,17,14,13.0,35.7,10.0,1.0,4.0,8.0,5.0,2.0,16.0,21
18986,0,11102500,89,124747,1.9,28,63,9.0,36.5,30.0,32.0,18.0,9.0,18.0,49.0,22.0,10
19020,0,759310,8,94914,2.5,7,4,25.0,25.0,1.0,6.0,1.0,1.0,1.0,1.0,7.0,5
19034,0,2658810,60,44314,1.3,21,34,6.7,20.6,14.0,16.0,14.0,16.0,3.0,3.0,54.0,14
19047,0,4321129,46,93938,2.0,25,18,6.5,38.9,1.0,22.0,24.0,1.0,10.0,6.0,30.0,14
19049,0,2640500,26,101558,1.1,16,12,7.7,33.3,11.0,7.0,3.0,5.0,2.0,4.0,20.0,13
19051,0,4277814,85,50327,2.0,39,34,1.2,26.5,21.0,9.0,24.0,31.0,39.0,6.0,40.0,12
19078,0,191600,4,47900,1.5,4,2,0.0,0.0,1.0,1.0,4.0,1.0,1.0,1.0,4.0,13
19204,0,532600,4,133150,3.0,4,3,25.0,66.7,1.0,3.0,1.0,1.0,1.0,3.0,1.0,12
19087,0,13987019,167,83755,2.0,65,71,4.2,29.6,39.0,34.0,49.0,45.0,53.0,22.0,92.0,14
19095,0,4577820,60,76297,2.1,37,36,3.3,52.8,7.0,18.0,19.0,16.0,5.0,27.0,28.0,24
19099,0,3284100,27,121633,2.8,20,11,7.4,18.2,14.0,1.0,4.0,9.0,6.0,1.0,21.0,13
19122,0,7012893,45,155842,2.6,31,18,26.7,44.4,10.0,6.0,7.0,22.0,5.0,16.0,24.0,16
19129,0,440000,6,73333,1.3,4,1,16.7,0.0,6.0,1.0,1.0,1.0,1.0,4.0,2.0,13
19137,0,7777001,58,134086,2.1,29,18,15.5,44.4,32.0,7.0,13.0,6.0,8.0,7.0,43.0,11
19139,0,7367111,87,84679,1.5,31,37,3.4,48.6,21.0,20.0,34.0,12.0,9.0,26.0,52.0,14
19144,0,3369100,11,306282,2.1,9,6,54.5,16.7,1.0,10.0,1.0,1.0,1.0,5.0,5.0,24
19154,0,1380500,16,86281,2.1,7,10,6.2,20.0,3.0,1.0,9.0,3.0,1.0,1.0,16.0,24
19164,0,766740,10,76674,1.6,7,6,10.0,0.0,1.0,2.0,2.0,6.0,2.0,4.0,4.0,6
19169,0,8324723,70,118925,1.7,30,53,2.9,41.5,23.0,13.0,19.0,15.0,10.0,5.0,55.0,14
19176,0,522820,10,52282,1.6,5,8,10.0,0.0,5.0,4.0,1.0,1.0,2.0,3.0,5.0,14
19180,0,1325000,31,42742,1.5,18,16,22.6,25.0,15.0,6.0,6.0,4.0,5.0,8.0,18.0,24
19182,0,2413507,45,53633,1.0,22,29,2.2,24.1,1.0,14.0,7.0,23.0,7.0,1.0,38.0,14
17889,0,776200,16,48512,1.9,9,10,6.2,30.0,3.0,7.0,6.0,1.0,1.0,4.0,11.0,13
17872,0,7396366,116,63762,1.3,54,29,6.0,55.2,11.0,47.0,16.0,42.0,29.0,18.0,69.0,14
17869,0,926802,14,66200,1.6,8,8,14.3,37.5,4.0,1.0,10.0,1.0,1.0,1.0,14.0,14
16669,0,1516692,30,50556,1.5,18,25,3.3,16.0,8.0,3.0,7.0,12.0,1.0,17.0,12.0,14
16556,0,1747144,39,44799,1.1,13,32,2.6,21.9,14.0,8.0,8.0,9.0,4.0,3.0,32.0,14
16559,0,5250350,98,53575,1.6,61,28,9.2,89.3,22.0,15.0,30.0,31.0,18.0,2.0,78.0,13
16570,0,959000,6,159833,3.7,5,4,0.0,50.0,2.0,1.0,2.0,1.0,2.0,3.0,1.0,24
16571,0,1863716,23,81031,1.3,10,19,4.3,52.6,5.0,4.0,6.0,8.0,2.0,6.0,15.0,14
16603,0,1163000,20,58150,1.3,13,12,0.0,41.7,9.0,5.0,3.0,3.0,2.0,9.0,9.0,11
16606,0,396000,2,198000,3.0,2,1,100.0,100.0,1.0,2.0,1.0,1.0,1.0,1.0,2.0,1
16607,0,1683000,14,120214,1.0,11,7,21.4,14.3,4.0,7.0,1.0,2.0,3.0,1.0,11.0,24
16608,0,2618304,76,34451,1.6,28,34,2.6,20.6,14.0,19.0,24.0,19.0,31.0,14.0,31.0,14
16612,0,10992029,137,80234,2.0,45,57,22.6,29.8,58.0,19.0,36.0,24.0,16.0,40.0,81.0,13
16636,0,492000,4,123000,2.5,3,4,75.0,50.0,2.0,1.0,1.0,1.0,1.0,1.0,3.0,24
16642,0,943886,19,49678,1.7,11,13,10.5,53.8,4.0,3.0,2.0,10.0,1.0,9.0,9.0,24
16646,0,820300,8,102538,2.2,7,5,25.0,40.0,2.0,1.0,1.0,5.0,1.0,4.0,4.0,12
16648,0,7749347,62,124989,1.4,19,31,30.6,29.0,7.0,16.0,26.0,13.0,13.0,3.0,46.0,14
16654,0,4822029,82,58805,1.9,37,40,7.3,42.5,36.0,17.0,19.0,10.0,5.0,45.0,32.0,14
16706,0,4271503,82,52092,1.8,19,55,6.1,27.3,20.0,9.0,27.0,26.0,11.0,7.0,64.0,14
16460,0,2020500,18,112250,2.3,13,10,11.1,70.0,1.0,8.0,10.0,1.0,7.0,2.0,9.0,14
16714,0,503600,9,55956,2.4,8,4,33.3,0.0,1.0,4.0,5.0,1.0,1.0,1.0,9.0,24
16716,0,2520500,29,86914,1.5,17,19,41.4,73.7,5.0,3.0,13.0,8.0,1.0,17.0,12.0,24
16720,0,808200,7,115457,2.7,6,5,14.3,80.0,3.0,2.0,1.0,2.0,4.0,1.0,3.0,23
16731,0,321700,13,24746,1.2,11,8,7.7,37.5,1.0,3.0,7.0,3.0,5.0,1.0,8.0,12
16766,0,2410200,27,89267,2.3,16,12,11.1,83.3,19.0,1.0,1.0,8.0,1.0,8.0,18.0,19
16775,0,1947100,22,88505,2.0,16,10,4.5,20.0,11.0,2.0,3.0,6.0,2.0,9.0,11.0,24
16781,0,397000,4,99250,1.0,2,3,75.0,66.7,2.0,1.0,1.0,1.0,2.0,1.0,2.0,24
16782,0,1184000,8,148000,2.8,7,6,0.0,0.0,1.0,1.0,1.0,7.0,1.0,5.0,2.0,15
16792,0,6911635,62,111478,3.1,42,19,3.2,52.6,24.0,21.0,4.0,13.0,2.0,23.0,37.0,12
16829,0,11497700,58,198236,3.2,33,27,10.3,25.9,12.0,20.0,16.0,10.0,11.0,14.0,33.0,19
16847,0,148000,4,37000,1.0,3,4,50.0,25.0,1.0,1.0,1.0,2.0,1.0,2.0,2.0,24
16848,0,896760,9,99640,2.1,7,6,33.3,100.0,1.0,1.0,1.0,8.0,2.0,1.0,7.0,24
16853,0,2741500,28,97911,2.7,16,11,21.4,81.8,10.0,5.0,1.0,13.0,4.0,8.0,16.0,11
16861,0,74000,3,24667,3.0,1,1,100.0,0.0,1.0,1.0,1.0,3.0,1.0,1.0,3.0,24
16497,0,75000,1,75000,1.0,1,1,0.0,100.0,1.0,1.0,1.0,1.0,1.0,1.0,2.0,24
16431,0,1389770,29,47923,1.1,18,10,20.7,50.0,1.0,24.0,5.0,1.0,1.0,9.0,20.0,17
17861,0,2851911,54,52813,1.9,28,25,13.0,40.0,17.0,13.0,11.0,13.0,1.0,29.0,25.0,13
16233,0,1407620,11,127965,3.5,8,5,9.1,60.0,5.0,6.0,1.0,1.0,1.0,3.0,7.0,22
16037,0,1679132,41,40954,1.5,31,23,7.3,34.8,9.0,10.0,12.0,10.0,1.0,30.0,11.0,13
16045,0,8538493,149,57305,1.1,55,93,6.0,7.5,38.0,42.0,27.0,42.0,28.0,46.0,75.0,14
16068,0,2859500,9,317722,1.9,8,7,11.1,71.4,1.0,3.0,6.0,1.0,1.0,4.0,5.0,3
16078,0,3224077,40,80602,1.7,17,28,12.5,21.4,16.0,13.0,10.0,1.0,3.0,3.0,34.0,14
16086,0,277700,5,55540,2.2,5,3,0.0,33.3,1.0,1.0,5.0,1.0,1.0,1.0,3.0,13
16089,0,4847020,44,110160,2.2,27,23,15.9,30.4,7.0,24.0,9.0,4.0,2.0,19.0,23.0,3
16090,0,4577032,30,152568,1.3,25,15,6.7,53.3,9.0,17.0,3.0,1.0,1.0,12.0,18.0,7
16103,0,1660050,19,87371,2.3,15,13,15.8,53.8,1.0,5.0,6.0,7.0,3.0,4.0,12.0,24
16130,0,355740,12,29645,1.0,6,6,25.0,50.0,1.0,7.0,4.0,1.0,1.0,4.0,7.0,14
16139,0,1537109,36,42697,1.4,20,16,13.9,56.2,18.0,8.0,10.0,1.0,5.0,15.0,16.0,13
16151,0,657000,10,65700,1.8,6,6,30.0,16.7,1.0,6.0,2.0,2.0,1.0,8.0,2.0,12
16164,0,235000,2,117500,3.0,1,2,100.0,100.0,1.0,2.0,1.0,1.0,1.0,1.0,1.0,24
16183,0,107000,2,53500,2.0,2,2,100.0,100.0,1.0,1.0,1.0,1.0,1.0,1.0,1.0,17
16192,0,3470478,28,123946,2.9,16,19,35.7,26.3,8.0,1.0,1.0,18.0,1.0,11.0,16.0,24
16234,0,162000,2,81000,2.0,2,1,0.0,0.0,1.0,2.0,1.0,1.0,1.0,1.0,2.0,11
16414,0,253000,8,31625,1.0,6,7,12.5,14.3,1.0,1.0,3.0,5.0,2.0,1.0,6.0,2
16237,0,781000,9,86778,1.0,7,8,0.0,100.0,1.0,2.0,5.0,2.0,1.0,3.0,6.0,19
16238,0,2501690,47,53227,1.5,17,35,4.3,20.0,11.0,11.0,12.0,13.0,1.0,33.0,13.0,14
16239,0,641200,3,213733,3.0,3,2,33.3,0.0,1.0,1.0,2.0,1.0,1.0,2.0,1.0,10
16272,0,247200,3,82400,1.7,3,3,0.0,100.0,1.0,1.0,1.0,2.0,1.0,1.0,1.0,3
16279,0,2755779,48,57412,1.5,24,22,18.8,63.6,8.0,15.0,12.0,13.0,3.0,17.0,28.0,14
16292,0,362000,5,72400,1.0,3,5,0.0,0.0,1.0,1.0,3.0,1.0,1.0,1.0,4.0,24
16296,0,6171878,40,154297,1.8,30,16,12.5,62.5,7.0,7.0,24.0,2.0,18.0,4.0,18.0,14
16303,0,2408271,28,86010,1.4,19,20,7.1,25.0,6.0,11.0,11.0,1.0,1.0,7.0,20.0,13
16307,0,691170,16,43198,1.5,13,9,12.5,77.8,2.0,4.0,7.0,3.0,1.0,2.0,13.0,12
16342,0,264400,7,37771,1.7,5,6,71.4,16.7,1.0,4.0,3.0,1.0,1.0,4.0,3.0,24
16353,0,1174600,18,65256,2.5,13,10,0.0,70.0,3.0,12.0,2.0,1.0,1.0,6.0,12.0,7
16366,0,1641927,25,65677,2.2,19,18,24.0,55.6,9.0,3.0,9.0,4.0,6.0,7.0,12.0,13
16374,0,1946580,54,36048,2.0,23,26,7.4,26.9,6.0,7.0,34.0,7.0,5.0,26.0,23.0,24
16395,0,430000,8,53750,1.6,5,4,50.0,50.0,1.0,6.0,2.0,1.0,1.0,1.0,8.0,24
16877,0,1495000,4,373750,2.0,4,4,25.0,100.0,1.0,1.0,2.0,1.0,1.0,1.0,3.0,15
16893,0,2254362,28,80513,1.9,22,19,14.3,5.3,3.0,6.0,7.0,12.0,5.0,2.0,21.0,6
16920,0,165000,4,41250,1.0,4,2,0.0,0.0,1.0,1.0,2.0,2.0,1.0,2.0,2.0,19
17599,0,7451853,86,86649,1.7,32,51,17.4,60.8,22.0,28.0,23.0,13.0,15.0,16.0,55.0,14
17360,0,5751344,64,89865,1.8,35,22,4.7,59.1,11.0,10.0,9.0,34.0,9.0,13.0,42.0,19
17364,0,31000,1,31000,1.0,1,1,0.0,100.0,1.0,1.0,1.0,1.0,1.0,1.0,1.0,24
17403,0,4234320,19,222859,5.6,14,6,0.0,50.0,4.0,1.0,12.0,3.0,2.0,8.0,9.0,9
17431,0,3227800,23,140339,2.4,15,13,52.2,38.5,1.0,11.0,12.0,1.0,3.0,5.0,15.0,24
17440,0,176000,5,35200,1.0,5,2,60.0,50.0,1.0,3.0,1.0,2.0,1.0,3.0,2.0,7
17459,0,1022339,49,20864,1.1,13,26,8.2,73.1,4.0,16.0,14.0,15.0,3.0,19.0,27.0,14
17468,0,2260300,24,94179,1.8,16,16,4.2,43.8,10.0,3.0,4.0,7.0,2.0,1.0,22.0,13
17469,0,1045100,12,87092,1.0,9,10,16.7,60.0,4.0,5.0,3.0,1.0,3.0,3.0,6.0,12
17506,0,185000,4,46250,1.5,3,2,50.0,0.0,2.0,1.0,1.0,2.0,1.0,1.0,4.0,16
17534,0,2502644,74,33820,1.8,26,40,2.7,32.5,21.0,15.0,20.0,18.0,8.0,10.0,56.0,13
17540,0,849200,43,19749,1.1,21,34,4.7,35.3,12.0,8.0,10.0,13.0,6.0,28.0,9.0,14
17564,0,7142277,66,108216,2.0,40,22,22.7,45.5,20.0,22.0,7.0,17.0,6.0,20.0,40.0,13
17584,0,602000,11,54727,4.7,4,9,54.5,55.6,4.0,1.0,6.0,1.0,1.0,4.0,7.0,24
17591,0,3097618,79,39210,1.1,22,47,5.1,23.4,30.0,14.0,15.0,20.0,22.0,4.0,53.0,14
17631,0,27000,1,27000,1.0,1,1,100.0,0.0,1.0,1.0,1.0,1.0,1.0,1.0,1.0,24
16939,0,5285296,61,86644,1.0,44,40,9.8,20.0,19.0,10.0,15.0,17.0,1.0,41.0,20.0,19
17638,0,1774400,16,110900,1.0,9,7,0.0,14.3,2.0,1.0,7.0,7.0,2.0,2.0,12.0,13
17655,0,2612281,30,87076,1.9,23,16,10.0,37.5,1.0,10.0,8.0,12.0,3.0,18.0,9.0,11
17663,0,670200,4,167550,3.0,4,1,0.0,100.0,1.0,1.0,1.0,4.0,1.0,1.0,4.0,19
17664,0,787000,9,87444,1.9,8,5,33.3,60.0,1.0,3.0,3.0,2.0,2.0,3.0,4.0,24
17704,0,3564633,30,118821,2.3,16,15,3.3,40.0,10.0,3.0,14.0,3.0,10.0,1.0,20.0,13
17712,0,1690547,22,76843,2.1,16,11,9.1,27.3,2.0,9.0,5.0,6.0,2.0,12.0,8.0,24
17713,0,1535778,18,85321,1.7,11,12,50.0,75.0,10.0,3.0,4.0,1.0,1.0,16.0,1.0,24
17730,0,847200,13,65169,1.9,10,6,15.4,16.7,2.0,8.0,1.0,2.0,1.0,5.0,7.0,15
17760,0,3279469,35,93699,1.3,26,14,14.3,14.3,3.0,15.0,11.0,6.0,1.0,7.0,28.0,14
17770,0,3749624,38,98674,2.1,19,22,15.8,45.5,5.0,15.0,6.0,12.0,1.0,18.0,19.0,14
17799,0,261208,8,32651,1.0,3,6,25.0,0.0,4.0,1.0,2.0,1.0,1.0,1.0,6.0,14
17813,0,6061300,40,151532,1.0,21,22,17.5,77.3,5.0,15.0,15.0,5.0,3.0,13.0,24.0,11
17825,0,1161108,8,145138,1.2,7,5,12.5,20.0,1.0,3.0,5.0,1.0,1.0,3.0,5.0,24
17837,0,4558728,55,82886,1.9,30,27,20.0,18.5,3.0,24.0,14.0,14.0,5.0,3.0,47.0,13
17347,0,330300,5,66060,1.0,5,4,40.0,75.0,1.0,3.0,1.0,1.0,1.0,1.0,3.0,24
17346,0,2566150,37,69355,1.9,20,20,24.3,25.0,5.0,10.0,11.0,11.0,6.0,8.0,23.0,14
17336,0,4194389,124,33826,1.5,47,31,8.9,25.8,8.0,46.0,38.0,32.0,49.0,7.0,68.0,14
17322,0,2110641,26,81178,1.8,16,15,11.5,26.7,10.0,9.0,7.0,1.0,4.0,6.0,16.0,14
16954,0,1053000,7,150429,2.9,7,4,14.3,75.0,1.0,1.0,1.0,5.0,1.0,5.0,1.0,19
16955,0,130800,4,32700,1.0,4,3,25.0,0.0,1.0,1.0,1.0,3.0,1.0,1.0,4.0,12
16965,0,2896904,30,96563,2.5,24,15,30.0,60.0,7.0,6.0,3.0,14.0,5.0,7.0,18.0,11
16974,0,1185200,10,118520,2.4,7,6,0.0,16.7,1.0,3.0,2.0,5.0,3.0,3.0,4.0,21
16976,0,10167507,131,77615,2.1,68,60,1.5,23.3,42.0,37.0,18.0,34.0,33.0,9.0,89.0,14
17006,0,7637516,46,166033,1.7,34,31,8.7,29.0,16.0,10.0,7.0,13.0,5.0,23.0,18.0,14
17038,0,3263523,43,75896,1.1,27,17,4.7,88.2,20.0,3.0,8.0,12.0,9.0,5.0,29.0,13
17072,0,3892908,36,108136,2.3,22,14,13.9,42.9,22.0,4.0,7.0,3.0,3.0,11.0,22.0,24
17117,0,455000,4,113750,2.0,4,3,0.0,66.7,3.0,1.0,1.0,1.0,2.0,1.0,2.0,7
17131,0,3200001,49,65306,1.3,26,30,12.2,33.3,3.0,17.0,21.0,8.0,5.0,2.0,42.0,13
17154,0,1762420,23,76627,2.8,14,11,8.7,18.2,3.0,7.0,11.0,2.0,2.0,5.0,16.0,13
17164,0,2944920,32,92029,1.9,22,19,9.4,36.8,10.0,10.0,8.0,4.0,3.0,12.0,17.0,24
17168,0,817100,8,102138,1.8,7,6,50.0,66.7,5.0,1.0,1.0,2.0,1.0,3.0,4.0,24
17170,0,300000,3,100000,2.3,3,3,33.3,33.3,1.0,2.0,1.0,1.0,1.0,1.0,2.0,24
17175,0,7078713,51,138798,2.3,33,26,31.4,23.1,12.0,14.0,10.0,15.0,11.0,6.0,34.0,6
17176,0,665549,16,41597,1.2,10,14,18.8,28.6,1.0,5.0,7.0,4.0,1.0,1.0,15.0,14
17178,0,2753246,60,45887,1.6,26,37,10.0,62.2,18.0,16.0,10.0,16.0,4.0,25.0,31.0,14
17192,0,764400,7,109200,2.1,6,4,14.3,100.0,5.0,2.0,1.0,1.0,1.0,2.0,5.0,24
17209,0,6460853,167,38688,1.3,56,52,4.2,26.9,49.0,30.0,42.0,46.0,40.0,16.0,111.0,14
17210,0,961300,12,80108,1.7,8,5,0.0,60.0,1.0,1.0,8.0,4.0,5.0,1.0,7.0,9
17229,0,2707591,30,90253,1.5,13,13,10.0,38.5,2.0,8.0,17.0,3.0,4.0,5.0,21.0,14
17231,0,1405400,30,46847,1.4,18,22,0.0,18.2,6.0,6.0,16.0,2.0,2.0,3.0,25.0,24
17271,0,491800,9,54644,1.0,8,5,22.2,60.0,6.0,3.0,1.0,1.0,3.0,1.0,5.0,1
17272,0,1159694,26,44604,2.1,9,10,7.7,30.0,1.0,1.0,2.0,24.0,8.0,1.0,17.0,14
17280,0,52000,7,7429,2.7,2,3,42.9,66.7,7.0,1.0,1.0,1.0,5.0,1.0,2.0,19
17284,0,668380,9,74264,1.9,6,5,0.0,20.0,1.0,1.0,9.0,1.0,8.0,1.0,2.0,15
17287,0,488100,13,37546,1.2,8,7,15.4,57.1,1.0,1.0,6.0,7.0,5.0,3.0,5.0,13
17294,0,1718225,16,107389,2.8,12,11,6.2,45.5,4.0,4.0,2.0,6.0,3.0,3.0,10.0,14
17311,0,1369000,8,171125,4.0,7,3,75.0,33.3,1.0,7.0,1.0,1.0,1.0,2.0,5.0,24
25350,0,2344645,33,71050,1.4,14,15,3.0,20.0,3.0,10.0,12.0,8.0,1.0,7.0,25.0,14
